2.1213,-1,-1
2.0928,-1,-0.96
2.064,-1,-0.92
2.0347,-1,-0.88
2.005,-1,-0.84
1.9748,-1,-0.8
1.9442,-1,-0.76
1.9131,-1,-0.72
1.8815,-1,-0.68
1.8493,-1,-0.64
1.8166,-1,-0.6
1.7833,-1,-0.56
1.7493,-1,-0.52
1.7146,-1,-0.48
1.6793,-1,-0.44
1.6432,-1,-0.4
1.6062,-1,-0.36
1.5684,-1,-0.32
1.5297,-1,-0.28
1.49,-1,-0.24
1.4491,-1,-0.2
1.4071,-1,-0.16
1.3638,-1,-0.12
1.3191,-1,-0.08
1.2728,-1,-0.04
1.2247,-1,0
1.2728,-1,0.04
1.3191,-1,0.08
1.3638,-1,0.12
1.4071,-1,0.16
1.4491,-1,0.2
1.49,-1,0.24
1.5297,-1,0.28
1.5684,-1,0.32
1.6062,-1,0.36
1.6432,-1,0.4
1.6793,-1,0.44
1.7146,-1,0.48
1.7493,-1,0.52
1.7833,-1,0.56
1.8166,-1,0.6
1.8493,-1,0.64
1.8815,-1,0.68
1.9131,-1,0.72
1.9442,-1,0.76
1.9748,-1,0.8
2.005,-1,0.84
2.0347,-1,0.88
2.064,-1,0.92
2.0928,-1,0.96
2.1119,-0.96,-1
2.0833,-0.96,-0.96
2.0543,-0.96,-0.92
2.0248,-0.96,-0.88
1.995,-0.96,-0.84
1.9647,-0.96,-0.8
1.9339,-0.96,-0.76
1.9026,-0.96,-0.72
1.8708,-0.96,-0.68
1.8385,-0.96,-0.64
1.8055,-0.96,-0.6
1.772,-0.96,-0.56
1.7378,-0.96,-0.52
1.7029,-0.96,-0.48
1.6673,-0.96,-0.44
1.631,-0.96,-0.4
1.5937,-0.96,-0.36
1.5556,-0.96,-0.32
1.5166,-0.96,-0.28
1.4765,-0.96,-0.24
1.4353,-0.96,-0.2
1.3928,-0.96,-0.16
1.3491,-0.96,-0.12
1.3038,-0.96,-0.08
1.257,-0.96,-0.04
1.2083,-0.96,0
1.257,-0.96,0.04
1.3038,-0.96,0.08
1.3491,-0.96,0.12
1.3928,-0.96,0.16
1.4353,-0.96,0.2
1.4765,-0.96,0.24
1.5166,-0.96,0.28
1.5556,-0.96,0.32
1.5937,-0.96,0.36
1.631,-0.96,0.4
1.6673,-0.96,0.44
1.7029,-0.96,0.48
1.7378,-0.96,0.52
1.772,-0.96,0.56
1.8055,-0.96,0.6
1.8385,-0.96,0.64
1.8708,-0.96,0.68
1.9026,-0.96,0.72
1.9339,-0.96,0.76
1.9647,-0.96,0.8
1.995,-0.96,0.84
2.0248,-0.96,0.88
2.0543,-0.96,0.92
2.0833,-0.96,0.96
2.1024,-0.92,-1
2.0736,-0.92,-0.96
2.0445,-0.92,-0.92
2.0149,-0.92,-0.88
1.9849,-0.92,-0.84
1.9545,-0.92,-0.8
1.9235,-0.92,-0.76
1.8921,-0.92,-0.72
1.8601,-0.92,-0.68
1.8276,-0.92,-0.64
1.7944,-0.92,-0.6
1.7607,-0.92,-0.56
1.7263,-0.92,-0.52
1.6912,-0.92,-0.48
1.6553,-0.92,-0.44
1.6186,-0.92,-0.4
1.5811,-0.92,-0.36
1.5427,-0.92,-0.32
1.5033,-0.92,-0.28
1.4629,-0.92,-0.24
1.4213,-0.92,-0.2
1.3784,-0.92,-0.16
1.3342,-0.92,-0.12
1.2884,-0.92,-0.08
1.241,-0.92,-0.04
1.1916,-0.92,0
1.241,-0.92,0.04
1.2884,-0.92,0.08
1.3342,-0.92,0.12
1.3784,-0.92,0.16
1.4213,-0.92,0.2
1.4629,-0.92,0.24
1.5033,-0.92,0.28
1.5427,-0.92,0.32
1.5811,-0.92,0.36
1.6186,-0.92,0.4
1.6553,-0.92,0.44
1.6912,-0.92,0.48
1.7263,-0.92,0.52
1.7607,-0.92,0.56
1.7944,-0.92,0.6
1.8276,-0.92,0.64
1.8601,-0.92,0.68
1.8921,-0.92,0.72
1.9235,-0.92,0.76
1.9545,-0.92,0.8
1.9849,-0.92,0.84
2.0149,-0.92,0.88
2.0445,-0.92,0.92
2.0736,-0.92,0.96
2.0928,-0.88,-1
2.064,-0.88,-0.96
2.0347,-0.88,-0.92
2.005,-0.88,-0.88
1.9748,-0.88,-0.84
1.9442,-0.88,-0.8
1.9131,-0.88,-0.76
1.8815,-0.88,-0.72
1.8493,-0.88,-0.68
1.8166,-0.88,-0.64
1.7833,-0.88,-0.6
1.7493,-0.88,-0.56
1.7146,-0.88,-0.52
1.6793,-0.88,-0.48
1.6432,-0.88,-0.44
1.6062,-0.88,-0.4
1.5684,-0.88,-0.36
1.5297,-0.88,-0.32
1.49,-0.88,-0.28
1.4491,-0.88,-0.24
1.4071,-0.88,-0.2
1.3638,-0.88,-0.16
1.3191,-0.88,-0.12
1.2728,-0.88,-0.08
1.2247,-0.88,-0.04
1.1747,-0.88,0
1.2247,-0.88,0.04
1.2728,-0.88,0.08
1.3191,-0.88,0.12
1.3638,-0.88,0.16
1.4071,-0.88,0.2
1.4491,-0.88,0.24
1.49,-0.88,0.28
1.5297,-0.88,0.32
1.5684,-0.88,0.36
1.6062,-0.88,0.4
1.6432,-0.88,0.44
1.6793,-0.88,0.48
1.7146,-0.88,0.52
1.7493,-0.88,0.56
1.7833,-0.88,0.6
1.8166,-0.88,0.64
1.8493,-0.88,0.68
1.8815,-0.88,0.72
1.9131,-0.88,0.76
1.9442,-0.88,0.8
1.9748,-0.88,0.84
2.005,-0.88,0.88
2.0347,-0.88,0.92
2.064,-0.88,0.96
2.0833,-0.84,-1
2.0543,-0.84,-0.96
2.0248,-0.84,-0.92
1.995,-0.84,-0.88
1.9647,-0.84,-0.84
1.9339,-0.84,-0.8
1.9026,-0.84,-0.76
1.8708,-0.84,-0.72
1.8385,-0.84,-0.68
1.8055,-0.84,-0.64
1.772,-0.84,-0.6
1.7378,-0.84,-0.56
1.7029,-0.84,-0.52
1.6673,-0.84,-0.48
1.631,-0.84,-0.44
1.5937,-0.84,-0.4
1.5556,-0.84,-0.36
1.5166,-0.84,-0.32
1.4765,-0.84,-0.28
1.4353,-0.84,-0.24
1.3928,-0.84,-0.2
1.3491,-0.84,-0.16
1.3038,-0.84,-0.12
1.257,-0.84,-0.08
1.2083,-0.84,-0.04
1.1576,-0.84,0
1.2083,-0.84,0.04
1.257,-0.84,0.08
1.3038,-0.84,0.12
1.3491,-0.84,0.16
1.3928,-0.84,0.2
1.4353,-0.84,0.24
1.4765,-0.84,0.28
1.5166,-0.84,0.32
1.5556,-0.84,0.36
1.5937,-0.84,0.4
1.631,-0.84,0.44
1.6673,-0.84,0.48
1.7029,-0.84,0.52
1.7378,-0.84,0.56
1.772,-0.84,0.6
1.8055,-0.84,0.64
1.8385,-0.84,0.68
1.8708,-0.84,0.72
1.9026,-0.84,0.76
1.9339,-0.84,0.8
1.9647,-0.84,0.84
1.995,-0.84,0.88
2.0248,-0.84,0.92
2.0543,-0.84,0.96
2.0736,-0.8,-1
2.0445,-0.8,-0.96
2.0149,-0.8,-0.92
1.9849,-0.8,-0.88
1.9545,-0.8,-0.84
1.9235,-0.8,-0.8
1.8921,-0.8,-0.76
1.8601,-0.8,-0.72
1.8276,-0.8,-0.68
1.7944,-0.8,-0.64
1.7607,-0.8,-0.6
1.7263,-0.8,-0.56
1.6912,-0.8,-0.52
1.6553,-0.8,-0.48
1.6186,-0.8,-0.44
1.5811,-0.8,-0.4
1.5427,-0.8,-0.36
1.5033,-0.8,-0.32
1.4629,-0.8,-0.28
1.4213,-0.8,-0.24
1.3784,-0.8,-0.2
1.3342,-0.8,-0.16
1.2884,-0.8,-0.12
1.241,-0.8,-0.08
1.1916,-0.8,-0.04
1.1402,-0.8,0
1.1916,-0.8,0.04
1.241,-0.8,0.08
1.2884,-0.8,0.12
1.3342,-0.8,0.16
1.3784,-0.8,0.2
1.4213,-0.8,0.24
1.4629,-0.8,0.28
1.5033,-0.8,0.32
1.5427,-0.8,0.36
1.5811,-0.8,0.4
1.6186,-0.8,0.44
1.6553,-0.8,0.48
1.6912,-0.8,0.52
1.7263,-0.8,0.56
1.7607,-0.8,0.6
1.7944,-0.8,0.64
1.8276,-0.8,0.68
1.8601,-0.8,0.72
1.8921,-0.8,0.76
1.9235,-0.8,0.8
1.9545,-0.8,0.84
1.9849,-0.8,0.88
2.0149,-0.8,0.92
2.0445,-0.8,0.96
2.064,-0.76,-1
2.0347,-0.76,-0.96
2.005,-0.76,-0.92
1.9748,-0.76,-0.88
1.9442,-0.76,-0.84
1.9131,-0.76,-0.8
1.8815,-0.76,-0.76
1.8493,-0.76,-0.72
1.8166,-0.76,-0.68
1.7833,-0.76,-0.64
1.7493,-0.76,-0.6
1.7146,-0.76,-0.56
1.6793,-0.76,-0.52
1.6432,-0.76,-0.48
1.6062,-0.76,-0.44
1.5684,-0.76,-0.4
1.5297,-0.76,-0.36
1.49,-0.76,-0.32
1.4491,-0.76,-0.28
1.4071,-0.76,-0.24
1.3638,-0.76,-0.2
1.3191,-0.76,-0.16
1.2728,-0.76,-0.12
1.2247,-0.76,-0.08
1.1747,-0.76,-0.04
1.1225,-0.76,0
1.1747,-0.76,0.04
1.2247,-0.76,0.08
1.2728,-0.76,0.12
1.3191,-0.76,0.16
1.3638,-0.76,0.2
1.4071,-0.76,0.24
1.4491,-0.76,0.28
1.49,-0.76,0.32
1.5297,-0.76,0.36
1.5684,-0.76,0.4
1.6062,-0.76,0.44
1.6432,-0.76,0.48
1.6793,-0.76,0.52
1.7146,-0.76,0.56
1.7493,-0.76,0.6
1.7833,-0.76,0.64
1.8166,-0.76,0.68
1.8493,-0.76,0.72
1.8815,-0.76,0.76
1.9131,-0.76,0.8
1.9442,-0.76,0.84
1.9748,-0.76,0.88
2.005,-0.76,0.92
2.0347,-0.76,0.96
2.0543,-0.72,-1
2.0248,-0.72,-0.96
1.995,-0.72,-0.92
1.9647,-0.72,-0.88
1.9339,-0.72,-0.84
1.9026,-0.72,-0.8
1.8708,-0.72,-0.76
1.8385,-0.72,-0.72
1.8055,-0.72,-0.68
1.772,-0.72,-0.64
1.7378,-0.72,-0.6
1.7029,-0.72,-0.56
1.6673,-0.72,-0.52
1.631,-0.72,-0.48
1.5937,-0.72,-0.44
1.5556,-0.72,-0.4
1.5166,-0.72,-0.36
1.4765,-0.72,-0.32
1.4353,-0.72,-0.28
1.3928,-0.72,-0.24
1.3491,-0.72,-0.2
1.3038,-0.72,-0.16
1.257,-0.72,-0.12
1.2083,-0.72,-0.08
1.1576,-0.72,-0.04
1.1045,-0.72,0
1.1576,-0.72,0.04
1.2083,-0.72,0.08
1.257,-0.72,0.12
1.3038,-0.72,0.16
1.3491,-0.72,0.2
1.3928,-0.72,0.24
1.4353,-0.72,0.28
1.4765,-0.72,0.32
1.5166,-0.72,0.36
1.5556,-0.72,0.4
1.5937,-0.72,0.44
1.631,-0.72,0.48
1.6673,-0.72,0.52
1.7029,-0.72,0.56
1.7378,-0.72,0.6
1.772,-0.72,0.64
1.8055,-0.72,0.68
1.8385,-0.72,0.72
1.8708,-0.72,0.76
1.9026,-0.72,0.8
1.9339,-0.72,0.84
1.9647,-0.72,0.88
1.995,-0.72,0.92
2.0248,-0.72,0.96
2.0445,-0.68,-1
2.0149,-0.68,-0.96
1.9849,-0.68,-0.92
1.9545,-0.68,-0.88
1.9235,-0.68,-0.84
1.8921,-0.68,-0.8
1.8601,-0.68,-0.76
1.8276,-0.68,-0.72
1.7944,-0.68,-0.68
1.7607,-0.68,-0.64
1.7263,-0.68,-0.6
1.6912,-0.68,-0.56
1.6553,-0.68,-0.52
1.6186,-0.68,-0.48
1.5811,-0.68,-0.44
1.5427,-0.68,-0.4
1.5033,-0.68,-0.36
1.4629,-0.68,-0.32
1.4213,-0.68,-0.28
1.3784,-0.68,-0.24
1.3342,-0.68,-0.2
1.2884,-0.68,-0.16
1.241,-0.68,-0.12
1.1916,-0.68,-0.08
1.1402,-0.68,-0.04
1.0863,-0.68,0
1.1402,-0.68,0.04
1.1916,-0.68,0.08
1.241,-0.68,0.12
1.2884,-0.68,0.16
1.3342,-0.68,0.2
1.3784,-0.68,0.24
1.4213,-0.68,0.28
1.4629,-0.68,0.32
1.5033,-0.68,0.36
1.5427,-0.68,0.4
1.5811,-0.68,0.44
1.6186,-0.68,0.48
1.6553,-0.68,0.52
1.6912,-0.68,0.56
1.7263,-0.68,0.6
1.7607,-0.68,0.64
1.7944,-0.68,0.68
1.8276,-0.68,0.72
1.8601,-0.68,0.76
1.8921,-0.68,0.8
1.9235,-0.68,0.84
1.9545,-0.68,0.88
1.9849,-0.68,0.92
2.0149,-0.68,0.96
2.0347,-0.64,-1
2.005,-0.64,-0.96
1.9748,-0.64,-0.92
1.9442,-0.64,-0.88
1.9131,-0.64,-0.84
1.8815,-0.64,-0.8
1.8493,-0.64,-0.76
1.8166,-0.64,-0.72
1.7833,-0.64,-0.68
1.7493,-0.64,-0.64
1.7146,-0.64,-0.6
1.6793,-0.64,-0.56
1.6432,-0.64,-0.52
1.6062,-0.64,-0.48
1.5684,-0.64,-0.44
1.5297,-0.64,-0.4
1.49,-0.64,-0.36
1.4491,-0.64,-0.32
1.4071,-0.64,-0.28
1.3638,-0.64,-0.24
1.3191,-0.64,-0.2
1.2728,-0.64,-0.16
1.2247,-0.64,-0.12
1.1747,-0.64,-0.08
1.1225,-0.64,-0.04
1.0677,-0.64,0
1.1225,-0.64,0.04
1.1747,-0.64,0.08
1.2247,-0.64,0.12
1.2728,-0.64,0.16
1.3191,-0.64,0.2
1.3638,-0.64,0.24
1.4071,-0.64,0.28
1.4491,-0.64,0.32
1.49,-0.64,0.36
1.5297,-0.64,0.4
1.5684,-0.64,0.44
1.6062,-0.64,0.48
1.6432,-0.64,0.52
1.6793,-0.64,0.56
1.7146,-0.64,0.6
1.7493,-0.64,0.64
1.7833,-0.64,0.68
1.8166,-0.64,0.72
1.8493,-0.64,0.76
1.8815,-0.64,0.8
1.9131,-0.64,0.84
1.9442,-0.64,0.88
1.9748,-0.64,0.92
2.005,-0.64,0.96
2.0248,-0.6,-1
1.995,-0.6,-0.96
1.9647,-0.6,-0.92
1.9339,-0.6,-0.88
1.9026,-0.6,-0.84
1.8708,-0.6,-0.8
1.8385,-0.6,-0.76
1.8055,-0.6,-0.72
1.772,-0.6,-0.68
1.7378,-0.6,-0.64
1.7029,-0.6,-0.6
1.6673,-0.6,-0.56
1.631,-0.6,-0.52
1.5937,-0.6,-0.48
1.5556,-0.6,-0.44
1.5166,-0.6,-0.4
1.4765,-0.6,-0.36
1.4353,-0.6,-0.32
1.3928,-0.6,-0.28
1.3491,-0.6,-0.24
1.3038,-0.6,-0.2
1.257,-0.6,-0.16
1.2083,-0.6,-0.12
1.1576,-0.6,-0.08
1.1045,-0.6,-0.04
1.0488,-0.6,0
1.1045,-0.6,0.04
1.1576,-0.6,0.08
1.2083,-0.6,0.12
1.257,-0.6,0.16
1.3038,-0.6,0.2
1.3491,-0.6,0.24
1.3928,-0.6,0.28
1.4353,-0.6,0.32
1.4765,-0.6,0.36
1.5166,-0.6,0.4
1.5556,-0.6,0.44
1.5937,-0.6,0.48
1.631,-0.6,0.52
1.6673,-0.6,0.56
1.7029,-0.6,0.6
1.7378,-0.6,0.64
1.772,-0.6,0.68
1.8055,-0.6,0.72
1.8385,-0.6,0.76
1.8708,-0.6,0.8
1.9026,-0.6,0.84
1.9339,-0.6,0.88
1.9647,-0.6,0.92
1.995,-0.6,0.96
2.0149,-0.56,-1
1.9849,-0.56,-0.96
1.9545,-0.56,-0.92
1.9235,-0.56,-0.88
1.8921,-0.56,-0.84
1.8601,-0.56,-0.8
1.8276,-0.56,-0.76
1.7944,-0.56,-0.72
1.7607,-0.56,-0.68
1.7263,-0.56,-0.64
1.6912,-0.56,-0.6
1.6553,-0.56,-0.56
1.6186,-0.56,-0.52
1.5811,-0.56,-0.48
1.5427,-0.56,-0.44
1.5033,-0.56,-0.4
1.4629,-0.56,-0.36
1.4213,-0.56,-0.32
1.3784,-0.56,-0.28
1.3342,-0.56,-0.24
1.2884,-0.56,-0.2
1.241,-0.56,-0.16
1.1916,-0.56,-0.12
1.1402,-0.56,-0.08
1.0863,-0.56,-0.04
1.0296,-0.56,0
1.0863,-0.56,0.04
1.1402,-0.56,0.08
1.1916,-0.56,0.12
1.241,-0.56,0.16
1.2884,-0.56,0.2
1.3342,-0.56,0.24
1.3784,-0.56,0.28
1.4213,-0.56,0.32
1.4629,-0.56,0.36
1.5033,-0.56,0.4
1.5427,-0.56,0.44
1.5811,-0.56,0.48
1.6186,-0.56,0.52
1.6553,-0.56,0.56
1.6912,-0.56,0.6
1.7263,-0.56,0.64
1.7607,-0.56,0.68
1.7944,-0.56,0.72
1.8276,-0.56,0.76
1.8601,-0.56,0.8
1.8921,-0.56,0.84
1.9235,-0.56,0.88
1.9545,-0.56,0.92
1.9849,-0.56,0.96
2.005,-0.52,-1
1.9748,-0.52,-0.96
1.9442,-0.52,-0.92
1.9131,-0.52,-0.88
1.8815,-0.52,-0.84
1.8493,-0.52,-0.8
1.8166,-0.52,-0.76
1.7833,-0.52,-0.72
1.7493,-0.52,-0.68
1.7146,-0.52,-0.64
1.6793,-0.52,-0.6
1.6432,-0.52,-0.56
1.6062,-0.52,-0.52
1.5684,-0.52,-0.48
1.5297,-0.52,-0.44
1.49,-0.52,-0.4
1.4491,-0.52,-0.36
1.4071,-0.52,-0.32
1.3638,-0.52,-0.28
1.3191,-0.52,-0.24
1.2728,-0.52,-0.2
1.2247,-0.52,-0.16
1.1747,-0.52,-0.12
1.1225,-0.52,-0.08
1.0677,-0.52,-0.04
1.01,-0.52,0
1.0677,-0.52,0.04
1.1225,-0.52,0.08
1.1747,-0.52,0.12
1.2247,-0.52,0.16
1.2728,-0.52,0.2
1.3191,-0.52,0.24
1.3638,-0.52,0.28
1.4071,-0.52,0.32
1.4491,-0.52,0.36
1.49,-0.52,0.4
1.5297,-0.52,0.44
1.5684,-0.52,0.48
1.6062,-0.52,0.52
1.6432,-0.52,0.56
1.6793,-0.52,0.6
1.7146,-0.52,0.64
1.7493,-0.52,0.68
1.7833,-0.52,0.72
1.8166,-0.52,0.76
1.8493,-0.52,0.8
1.8815,-0.52,0.84
1.9131,-0.52,0.88
1.9442,-0.52,0.92
1.9748,-0.52,0.96
1.995,-0.48,-1
1.9647,-0.48,-0.96
1.9339,-0.48,-0.92
1.9026,-0.48,-0.88
1.8708,-0.48,-0.84
1.8385,-0.48,-0.8
1.8055,-0.48,-0.76
1.772,-0.48,-0.72
1.7378,-0.48,-0.68
1.7029,-0.48,-0.64
1.6673,-0.48,-0.6
1.631,-0.48,-0.56
1.5937,-0.48,-0.52
1.5556,-0.48,-0.48
1.5166,-0.48,-0.44
1.4765,-0.48,-0.4
1.4353,-0.48,-0.36
1.3928,-0.48,-0.32
1.3491,-0.48,-0.28
1.3038,-0.48,-0.24
1.257,-0.48,-0.2
1.2083,-0.48,-0.16
1.1576,-0.48,-0.12
1.1045,-0.48,-0.08
1.0488,-0.48,-0.04
0.98995,-0.48,0
1.0488,-0.48,0.04
1.1045,-0.48,0.08
1.1576,-0.48,0.12
1.2083,-0.48,0.16
1.257,-0.48,0.2
1.3038,-0.48,0.24
1.3491,-0.48,0.28
1.3928,-0.48,0.32
1.4353,-0.48,0.36
1.4765,-0.48,0.4
1.5166,-0.48,0.44
1.5556,-0.48,0.48
1.5937,-0.48,0.52
1.631,-0.48,0.56
1.6673,-0.48,0.6
1.7029,-0.48,0.64
1.7378,-0.48,0.68
1.772,-0.48,0.72
1.8055,-0.48,0.76
1.8385,-0.48,0.8
1.8708,-0.48,0.84
1.9026,-0.48,0.88
1.9339,-0.48,0.92
1.9647,-0.48,0.96
1.9849,-0.44,-1
1.9545,-0.44,-0.96
1.9235,-0.44,-0.92
1.8921,-0.44,-0.88
1.8601,-0.44,-0.84
1.8276,-0.44,-0.8
1.7944,-0.44,-0.76
1.7607,-0.44,-0.72
1.7263,-0.44,-0.68
1.6912,-0.44,-0.64
1.6553,-0.44,-0.6
1.6186,-0.44,-0.56
1.5811,-0.44,-0.52
1.5427,-0.44,-0.48
1.5033,-0.44,-0.44
1.4629,-0.44,-0.4
1.4213,-0.44,-0.36
1.3784,-0.44,-0.32
1.3342,-0.44,-0.28
1.2884,-0.44,-0.24
1.241,-0.44,-0.2
1.1916,-0.44,-0.16
1.1402,-0.44,-0.12
1.0863,-0.44,-0.08
1.0296,-0.44,-0.04
0.96954,-0.44,0
1.0296,-0.44,0.04
1.0863,-0.44,0.08
1.1402,-0.44,0.12
1.1916,-0.44,0.16
1.241,-0.44,0.2
1.2884,-0.44,0.24
1.3342,-0.44,0.28
1.3784,-0.44,0.32
1.4213,-0.44,0.36
1.4629,-0.44,0.4
1.5033,-0.44,0.44
1.5427,-0.44,0.48
1.5811,-0.44,0.52
1.6186,-0.44,0.56
1.6553,-0.44,0.6
1.6912,-0.44,0.64
1.7263,-0.44,0.68
1.7607,-0.44,0.72
1.7944,-0.44,0.76
1.8276,-0.44,0.8
1.8601,-0.44,0.84
1.8921,-0.44,0.88
1.9235,-0.44,0.92
1.9545,-0.44,0.96
1.9748,-0.4,-1
1.9442,-0.4,-0.96
1.9131,-0.4,-0.92
1.8815,-0.4,-0.88
1.8493,-0.4,-0.84
1.8166,-0.4,-0.8
1.7833,-0.4,-0.76
1.7493,-0.4,-0.72
1.7146,-0.4,-0.68
1.6793,-0.4,-0.64
1.6432,-0.4,-0.6
1.6062,-0.4,-0.56
1.5684,-0.4,-0.52
1.5297,-0.4,-0.48
1.49,-0.4,-0.44
1.4491,-0.4,-0.4
1.4071,-0.4,-0.36
1.3638,-0.4,-0.32
1.3191,-0.4,-0.28
1.2728,-0.4,-0.24
1.2247,-0.4,-0.2
1.1747,-0.4,-0.16
1.1225,-0.4,-0.12
1.0677,-0.4,-0.08
1.01,-0.4,-0.04
0.94868,-0.4,0
1.01,-0.4,0.04
1.0677,-0.4,0.08
1.1225,-0.4,0.12
1.1747,-0.4,0.16
1.2247,-0.4,0.2
1.2728,-0.4,0.24
1.3191,-0.4,0.28
1.3638,-0.4,0.32
1.4071,-0.4,0.36
1.4491,-0.4,0.4
1.49,-0.4,0.44
1.5297,-0.4,0.48
1.5684,-0.4,0.52
1.6062,-0.4,0.56
1.6432,-0.4,0.6
1.6793,-0.4,0.64
1.7146,-0.4,0.68
1.7493,-0.4,0.72
1.7833,-0.4,0.76
1.8166,-0.4,0.8
1.8493,-0.4,0.84
1.8815,-0.4,0.88
1.9131,-0.4,0.92
1.9442,-0.4,0.96
1.9647,-0.36,-1
1.9339,-0.36,-0.96
1.9026,-0.36,-0.92
1.8708,-0.36,-0.88
1.8385,-0.36,-0.84
1.8055,-0.36,-0.8
1.772,-0.36,-0.76
1.7378,-0.36,-0.72
1.7029,-0.36,-0.68
1.6673,-0.36,-0.64
1.631,-0.36,-0.6
1.5937,-0.36,-0.56
1.5556,-0.36,-0.52
1.5166,-0.36,-0.48
1.4765,-0.36,-0.44
1.4353,-0.36,-0.4
1.3928,-0.36,-0.36
1.3491,-0.36,-0.32
1.3038,-0.36,-0.28
1.257,-0.36,-0.24
1.2083,-0.36,-0.2
1.1576,-0.36,-0.16
1.1045,-0.36,-0.12
1.0488,-0.36,-0.08
0.98995,-0.36,-0.04
0.92736,-0.36,0
0.98995,-0.36,0.04
1.0488,-0.36,0.08
1.1045,-0.36,0.12
1.1576,-0.36,0.16
1.2083,-0.36,0.2
1.257,-0.36,0.24
1.3038,-0.36,0.28
1.3491,-0.36,0.32
1.3928,-0.36,0.36
1.4353,-0.36,0.4
1.4765,-0.36,0.44
1.5166,-0.36,0.48
1.5556,-0.36,0.52
1.5937,-0.36,0.56
1.631,-0.36,0.6
1.6673,-0.36,0.64
1.7029,-0.36,0.68
1.7378,-0.36,0.72
1.772,-0.36,0.76
1.8055,-0.36,0.8
1.8385,-0.36,0.84
1.8708,-0.36,0.88
1.9026,-0.36,0.92
1.9339,-0.36,0.96
1.9545,-0.32,-1
1.9235,-0.32,-0.96
1.8921,-0.32,-0.92
1.8601,-0.32,-0.88
1.8276,-0.32,-0.84
1.7944,-0.32,-0.8
1.7607,-0.32,-0.76
1.7263,-0.32,-0.72
1.6912,-0.32,-0.68
1.6553,-0.32,-0.64
1.6186,-0.32,-0.6
1.5811,-0.32,-0.56
1.5427,-0.32,-0.52
1.5033,-0.32,-0.48
1.4629,-0.32,-0.44
1.4213,-0.32,-0.4
1.3784,-0.32,-0.36
1.3342,-0.32,-0.32
1.2884,-0.32,-0.28
1.241,-0.32,-0.24
1.1916,-0.32,-0.2
1.1402,-0.32,-0.16
1.0863,-0.32,-0.12
1.0296,-0.32,-0.08
0.96954,-0.32,-0.04
0.90554,-0.32,0
0.96954,-0.32,0.04
1.0296,-0.32,0.08
1.0863,-0.32,0.12
1.1402,-0.32,0.16
1.1916,-0.32,0.2
1.241,-0.32,0.24
1.2884,-0.32,0.28
1.3342,-0.32,0.32
1.3784,-0.32,0.36
1.4213,-0.32,0.4
1.4629,-0.32,0.44
1.5033,-0.32,0.48
1.5427,-0.32,0.52
1.5811,-0.32,0.56
1.6186,-0.32,0.6
1.6553,-0.32,0.64
1.6912,-0.32,0.68
1.7263,-0.32,0.72
1.7607,-0.32,0.76
1.7944,-0.32,0.8
1.8276,-0.32,0.84
1.8601,-0.32,0.88
1.8921,-0.32,0.92
1.9235,-0.32,0.96
1.9442,-0.28,-1
1.9131,-0.28,-0.96
1.8815,-0.28,-0.92
1.8493,-0.28,-0.88
1.8166,-0.28,-0.84
1.7833,-0.28,-0.8
1.7493,-0.28,-0.76
1.7146,-0.28,-0.72
1.6793,-0.28,-0.68
1.6432,-0.28,-0.64
1.6062,-0.28,-0.6
1.5684,-0.28,-0.56
1.5297,-0.28,-0.52
1.49,-0.28,-0.48
1.4491,-0.28,-0.44
1.4071,-0.28,-0.4
1.3638,-0.28,-0.36
1.3191,-0.28,-0.32
1.2728,-0.28,-0.28
1.2247,-0.28,-0.24
1.1747,-0.28,-0.2
1.1225,-0.28,-0.16
1.0677,-0.28,-0.12
1.01,-0.28,-0.08
0.94868,-0.28,-0.04
0.88318,-0.28,0
0.94868,-0.28,0.04
1.01,-0.28,0.08
1.0677,-0.28,0.12
1.1225,-0.28,0.16
1.1747,-0.28,0.2
1.2247,-0.28,0.24
1.2728,-0.28,0.28
1.3191,-0.28,0.32
1.3638,-0.28,0.36
1.4071,-0.28,0.4
1.4491,-0.28,0.44
1.49,-0.28,0.48
1.5297,-0.28,0.52
1.5684,-0.28,0.56
1.6062,-0.28,0.6
1.6432,-0.28,0.64
1.6793,-0.28,0.68
1.7146,-0.28,0.72
1.7493,-0.28,0.76
1.7833,-0.28,0.8
1.8166,-0.28,0.84
1.8493,-0.28,0.88
1.8815,-0.28,0.92
1.9131,-0.28,0.96
1.9339,-0.24,-1
1.9026,-0.24,-0.96
1.8708,-0.24,-0.92
1.8385,-0.24,-0.88
1.8055,-0.24,-0.84
1.772,-0.24,-0.8
1.7378,-0.24,-0.76
1.7029,-0.24,-0.72
1.6673,-0.24,-0.68
1.631,-0.24,-0.64
1.5937,-0.24,-0.6
1.5556,-0.24,-0.56
1.5166,-0.24,-0.52
1.4765,-0.24,-0.48
1.4353,-0.24,-0.44
1.3928,-0.24,-0.4
1.3491,-0.24,-0.36
1.3038,-0.24,-0.32
1.257,-0.24,-0.28
1.2083,-0.24,-0.24
1.1576,-0.24,-0.2
1.1045,-0.24,-0.16
1.0488,-0.24,-0.12
0.98995,-0.24,-0.08
0.92736,-0.24,-0.04
0.86023,-0.24,0
0.92736,-0.24,0.04
0.98995,-0.24,0.08
1.0488,-0.24,0.12
1.1045,-0.24,0.16
1.1576,-0.24,0.2
1.2083,-0.24,0.24
1.257,-0.24,0.28
1.3038,-0.24,0.32
1.3491,-0.24,0.36
1.3928,-0.24,0.4
1.4353,-0.24,0.44
1.4765,-0.24,0.48
1.5166,-0.24,0.52
1.5556,-0.24,0.56
1.5937,-0.24,0.6
1.631,-0.24,0.64
1.6673,-0.24,0.68
1.7029,-0.24,0.72
1.7378,-0.24,0.76
1.772,-0.24,0.8
1.8055,-0.24,0.84
1.8385,-0.24,0.88
1.8708,-0.24,0.92
1.9026,-0.24,0.96
1.9235,-0.2,-1
1.8921,-0.2,-0.96
1.8601,-0.2,-0.92
1.8276,-0.2,-0.88
1.7944,-0.2,-0.84
1.7607,-0.2,-0.8
1.7263,-0.2,-0.76
1.6912,-0.2,-0.72
1.6553,-0.2,-0.68
1.6186,-0.2,-0.64
1.5811,-0.2,-0.6
1.5427,-0.2,-0.56
1.5033,-0.2,-0.52
1.4629,-0.2,-0.48
1.4213,-0.2,-0.44
1.3784,-0.2,-0.4
1.3342,-0.2,-0.36
1.2884,-0.2,-0.32
1.241,-0.2,-0.28
1.1916,-0.2,-0.24
1.1402,-0.2,-0.2
1.0863,-0.2,-0.16
1.0296,-0.2,-0.12
0.96954,-0.2,-0.08
0.90554,-0.2,-0.04
0.83666,-0.2,0
0.90554,-0.2,0.04
0.96954,-0.2,0.08
1.0296,-0.2,0.12
1.0863,-0.2,0.16
1.1402,-0.2,0.2
1.1916,-0.2,0.24
1.241,-0.2,0.28
1.2884,-0.2,0.32
1.3342,-0.2,0.36
1.3784,-0.2,0.4
1.4213,-0.2,0.44
1.4629,-0.2,0.48
1.5033,-0.2,0.52
1.5427,-0.2,0.56
1.5811,-0.2,0.6
1.6186,-0.2,0.64
1.6553,-0.2,0.68
1.6912,-0.2,0.72
1.7263,-0.2,0.76
1.7607,-0.2,0.8
1.7944,-0.2,0.84
1.8276,-0.2,0.88
1.8601,-0.2,0.92
1.8921,-0.2,0.96
1.9131,-0.16,-1
1.8815,-0.16,-0.96
1.8493,-0.16,-0.92
1.8166,-0.16,-0.88
1.7833,-0.16,-0.84
1.7493,-0.16,-0.8
1.7146,-0.16,-0.76
1.6793,-0.16,-0.72
1.6432,-0.16,-0.68
1.6062,-0.16,-0.64
1.5684,-0.16,-0.6
1.5297,-0.16,-0.56
1.49,-0.16,-0.52
1.4491,-0.16,-0.48
1.4071,-0.16,-0.44
1.3638,-0.16,-0.4
1.3191,-0.16,-0.36
1.2728,-0.16,-0.32
1.2247,-0.16,-0.28
1.1747,-0.16,-0.24
1.1225,-0.16,-0.2
1.0677,-0.16,-0.16
1.01,-0.16,-0.12
0.94868,-0.16,-0.08
0.88318,-0.16,-0.04
0.8124,-0.16,0
0.88318,-0.16,0.04
0.94868,-0.16,0.08
1.01,-0.16,0.12
1.0677,-0.16,0.16
1.1225,-0.16,0.2
1.1747,-0.16,0.24
1.2247,-0.16,0.28
1.2728,-0.16,0.32
1.3191,-0.16,0.36
1.3638,-0.16,0.4
1.4071,-0.16,0.44
1.4491,-0.16,0.48
1.49,-0.16,0.52
1.5297,-0.16,0.56
1.5684,-0.16,0.6
1.6062,-0.16,0.64
1.6432,-0.16,0.68
1.6793,-0.16,0.72
1.7146,-0.16,0.76
1.7493,-0.16,0.8
1.7833,-0.16,0.84
1.8166,-0.16,0.88
1.8493,-0.16,0.92
1.8815,-0.16,0.96
1.9026,-0.12,-1
1.8708,-0.12,-0.96
1.8385,-0.12,-0.92
1.8055,-0.12,-0.88
1.772,-0.12,-0.84
1.7378,-0.12,-0.8
1.7029,-0.12,-0.76
1.6673,-0.12,-0.72
1.631,-0.12,-0.68
1.5937,-0.12,-0.64
1.5556,-0.12,-0.6
1.5166,-0.12,-0.56
1.4765,-0.12,-0.52
1.4353,-0.12,-0.48
1.3928,-0.12,-0.44
1.3491,-0.12,-0.4
1.3038,-0.12,-0.36
1.257,-0.12,-0.32
1.2083,-0.12,-0.28
1.1576,-0.12,-0.24
1.1045,-0.12,-0.2
1.0488,-0.12,-0.16
0.98995,-0.12,-0.12
0.92736,-0.12,-0.08
0.86023,-0.12,-0.04
0.7874,-0.12,0
0.86023,-0.12,0.04
0.92736,-0.12,0.08
0.98995,-0.12,0.12
1.0488,-0.12,0.16
1.1045,-0.12,0.2
1.1576,-0.12,0.24
1.2083,-0.12,0.28
1.257,-0.12,0.32
1.3038,-0.12,0.36
1.3491,-0.12,0.4
1.3928,-0.12,0.44
1.4353,-0.12,0.48
1.4765,-0.12,0.52
1.5166,-0.12,0.56
1.5556,-0.12,0.6
1.5937,-0.12,0.64
1.631,-0.12,0.68
1.6673,-0.12,0.72
1.7029,-0.12,0.76
1.7378,-0.12,0.8
1.772,-0.12,0.84
1.8055,-0.12,0.88
1.8385,-0.12,0.92
1.8708,-0.12,0.96
1.8921,-0.08,-1
1.8601,-0.08,-0.96
1.8276,-0.08,-0.92
1.7944,-0.08,-0.88
1.7607,-0.08,-0.84
1.7263,-0.08,-0.8
1.6912,-0.08,-0.76
1.6553,-0.08,-0.72
1.6186,-0.08,-0.68
1.5811,-0.08,-0.64
1.5427,-0.08,-0.6
1.5033,-0.08,-0.56
1.4629,-0.08,-0.52
1.4213,-0.08,-0.48
1.3784,-0.08,-0.44
1.3342,-0.08,-0.4
1.2884,-0.08,-0.36
1.241,-0.08,-0.32
1.1916,-0.08,-0.28
1.1402,-0.08,-0.24
1.0863,-0.08,-0.2
1.0296,-0.08,-0.16
0.96954,-0.08,-0.12
0.90554,-0.08,-0.08
0.83666,-0.08,-0.04
0.76158,-0.08,0
0.83666,-0.08,0.04
0.90554,-0.08,0.08
0.96954,-0.08,0.12
1.0296,-0.08,0.16
1.0863,-0.08,0.2
1.1402,-0.08,0.24
1.1916,-0.08,0.28
1.241,-0.08,0.32
1.2884,-0.08,0.36
1.3342,-0.08,0.4
1.3784,-0.08,0.44
1.4213,-0.08,0.48
1.4629,-0.08,0.52
1.5033,-0.08,0.56
1.5427,-0.08,0.6
1.5811,-0.08,0.64
1.6186,-0.08,0.68
1.6553,-0.08,0.72
1.6912,-0.08,0.76
1.7263,-0.08,0.8
1.7607,-0.08,0.84
1.7944,-0.08,0.88
1.8276,-0.08,0.92
1.8601,-0.08,0.96
1.8815,-0.04,-1
1.8493,-0.04,-0.96
1.8166,-0.04,-0.92
1.7833,-0.04,-0.88
1.7493,-0.04,-0.84
1.7146,-0.04,-0.8
1.6793,-0.04,-0.76
1.6432,-0.04,-0.72
1.6062,-0.04,-0.68
1.5684,-0.04,-0.64
1.5297,-0.04,-0.6
1.49,-0.04,-0.56
1.4491,-0.04,-0.52
1.4071,-0.04,-0.48
1.3638,-0.04,-0.44
1.3191,-0.04,-0.4
1.2728,-0.04,-0.36
1.2247,-0.04,-0.32
1.1747,-0.04,-0.28
1.1225,-0.04,-0.24
1.0677,-0.04,-0.2
1.01,-0.04,-0.16
0.94868,-0.04,-0.12
0.88318,-0.04,-0.08
0.8124,-0.04,-0.04
0.73485,-0.04,0
0.8124,-0.04,0.04
0.88318,-0.04,0.08
0.94868,-0.04,0.12
1.01,-0.04,0.16
1.0677,-0.04,0.2
1.1225,-0.04,0.24
1.1747,-0.04,0.28
1.2247,-0.04,0.32
1.2728,-0.04,0.36
1.3191,-0.04,0.4
1.3638,-0.04,0.44
1.4071,-0.04,0.48
1.4491,-0.04,0.52
1.49,-0.04,0.56
1.5297,-0.04,0.6
1.5684,-0.04,0.64
1.6062,-0.04,0.68
1.6432,-0.04,0.72
1.6793,-0.04,0.76
1.7146,-0.04,0.8
1.7493,-0.04,0.84
1.7833,-0.04,0.88
1.8166,-0.04,0.92
1.8493,-0.04,0.96
1.8708,0,-1
1.8385,0,-0.96
1.8055,0,-0.92
1.772,0,-0.88
1.7378,0,-0.84
1.7029,0,-0.8
1.6673,0,-0.76
1.631,0,-0.72
1.5937,0,-0.68
1.5556,0,-0.64
1.5166,0,-0.6
1.4765,0,-0.56
1.4353,0,-0.52
1.3928,0,-0.48
1.3491,0,-0.44
1.3038,0,-0.4
1.257,0,-0.36
1.2083,0,-0.32
1.1576,0,-0.28
1.1045,0,-0.24
1.0488,0,-0.2
0.98995,0,-0.16
0.92736,0,-0.12
0.86023,0,-0.08
0.7874,0,-0.04
0.70711,0,0
0.7874,0,0.04
0.86023,0,0.08
0.92736,0,0.12
0.98995,0,0.16
1.0488,0,0.2
1.1045,0,0.24
1.1576,0,0.28
1.2083,0,0.32
1.257,0,0.36
1.3038,0,0.4
1.3491,0,0.44
1.3928,0,0.48
1.4353,0,0.52
1.4765,0,0.56
1.5166,0,0.6
1.5556,0,0.64
1.5937,0,0.68
1.631,0,0.72
1.6673,0,0.76
1.7029,0,0.8
1.7378,0,0.84
1.772,0,0.88
1.8055,0,0.92
1.8385,0,0.96
1.8601,0.04,-1
1.8276,0.04,-0.96
1.7944,0.04,-0.92
1.7607,0.04,-0.88
1.7263,0.04,-0.84
1.6912,0.04,-0.8
1.6553,0.04,-0.76
1.6186,0.04,-0.72
1.5811,0.04,-0.68
1.5427,0.04,-0.64
1.5033,0.04,-0.6
1.4629,0.04,-0.56
1.4213,0.04,-0.52
1.3784,0.04,-0.48
1.3342,0.04,-0.44
1.2884,0.04,-0.4
1.241,0.04,-0.36
1.1916,0.04,-0.32
1.1402,0.04,-0.28
1.0863,0.04,-0.24
1.0296,0.04,-0.2
0.96954,0.04,-0.16
0.90554,0.04,-0.12
0.83666,0.04,-0.08
0.76158,0.04,-0.04
0.67823,0.04,0
0.76158,0.04,0.04
0.83666,0.04,0.08
0.90554,0.04,0.12
0.96954,0.04,0.16
1.0296,0.04,0.2
1.0863,0.04,0.24
1.1402,0.04,0.28
1.1916,0.04,0.32
1.241,0.04,0.36
1.2884,0.04,0.4
1.3342,0.04,0.44
1.3784,0.04,0.48
1.4213,0.04,0.52
1.4629,0.04,0.56
1.5033,0.04,0.6
1.5427,0.04,0.64
1.5811,0.04,0.68
1.6186,0.04,0.72
1.6553,0.04,0.76
1.6912,0.04,0.8
1.7263,0.04,0.84
1.7607,0.04,0.88
1.7944,0.04,0.92
1.8276,0.04,0.96
1.8493,0.08,-1
1.8166,0.08,-0.96
1.7833,0.08,-0.92
1.7493,0.08,-0.88
1.7146,0.08,-0.84
1.6793,0.08,-0.8
1.6432,0.08,-0.76
1.6062,0.08,-0.72
1.5684,0.08,-0.68
1.5297,0.08,-0.64
1.49,0.08,-0.6
1.4491,0.08,-0.56
1.4071,0.08,-0.52
1.3638,0.08,-0.48
1.3191,0.08,-0.44
1.2728,0.08,-0.4
1.2247,0.08,-0.36
1.1747,0.08,-0.32
1.1225,0.08,-0.28
1.0677,0.08,-0.24
1.01,0.08,-0.2
0.94868,0.08,-0.16
0.88318,0.08,-0.12
0.8124,0.08,-0.08
0.73485,0.08,-0.04
0.64807,0.08,0
0.73485,0.08,0.04
0.8124,0.08,0.08
0.88318,0.08,0.12
0.94868,0.08,0.16
1.01,0.08,0.2
1.0677,0.08,0.24
1.1225,0.08,0.28
1.1747,0.08,0.32
1.2247,0.08,0.36
1.2728,0.08,0.4
1.3191,0.08,0.44
1.3638,0.08,0.48
1.4071,0.08,0.52
1.4491,0.08,0.56
1.49,0.08,0.6
1.5297,0.08,0.64
1.5684,0.08,0.68
1.6062,0.08,0.72
1.6432,0.08,0.76
1.6793,0.08,0.8
1.7146,0.08,0.84
1.7493,0.08,0.88
1.7833,0.08,0.92
1.8166,0.08,0.96
1.8385,0.12,-1
1.8055,0.12,-0.96
1.772,0.12,-0.92
1.7378,0.12,-0.88
1.7029,0.12,-0.84
1.6673,0.12,-0.8
1.631,0.12,-0.76
1.5937,0.12,-0.72
1.5556,0.12,-0.68
1.5166,0.12,-0.64
1.4765,0.12,-0.6
1.4353,0.12,-0.56
1.3928,0.12,-0.52
1.3491,0.12,-0.48
1.3038,0.12,-0.44
1.257,0.12,-0.4
1.2083,0.12,-0.36
1.1576,0.12,-0.32
1.1045,0.12,-0.28
1.0488,0.12,-0.24
0.98995,0.12,-0.2
0.92736,0.12,-0.16
0.86023,0.12,-0.12
0.7874,0.12,-0.08
0.70711,0.12,-0.04
0.61644,0.12,0
0.70711,0.12,0.04
0.7874,0.12,0.08
0.86023,0.12,0.12
0.92736,0.12,0.16
0.98995,0.12,0.2
1.0488,0.12,0.24
1.1045,0.12,0.28
1.1576,0.12,0.32
1.2083,0.12,0.36
1.257,0.12,0.4
1.3038,0.12,0.44
1.3491,0.12,0.48
1.3928,0.12,0.52
1.4353,0.12,0.56
1.4765,0.12,0.6
1.5166,0.12,0.64
1.5556,0.12,0.68
1.5937,0.12,0.72
1.631,0.12,0.76
1.6673,0.12,0.8
1.7029,0.12,0.84
1.7378,0.12,0.88
1.772,0.12,0.92
1.8055,0.12,0.96
1.8276,0.16,-1
1.7944,0.16,-0.96
1.7607,0.16,-0.92
1.7263,0.16,-0.88
1.6912,0.16,-0.84
1.6553,0.16,-0.8
1.6186,0.16,-0.76
1.5811,0.16,-0.72
1.5427,0.16,-0.68
1.5033,0.16,-0.64
1.4629,0.16,-0.6
1.4213,0.16,-0.56
1.3784,0.16,-0.52
1.3342,0.16,-0.48
1.2884,0.16,-0.44
1.241,0.16,-0.4
1.1916,0.16,-0.36
1.1402,0.16,-0.32
1.0863,0.16,-0.28
1.0296,0.16,-0.24
0.96954,0.16,-0.2
0.90554,0.16,-0.16
0.83666,0.16,-0.12
0.76158,0.16,-0.08
0.67823,0.16,-0.04
0.5831,0.16,0
0.67823,0.16,0.04
0.76158,0.16,0.08
0.83666,0.16,0.12
0.90554,0.16,0.16
0.96954,0.16,0.2
1.0296,0.16,0.24
1.0863,0.16,0.28
1.1402,0.16,0.32
1.1916,0.16,0.36
1.241,0.16,0.4
1.2884,0.16,0.44
1.3342,0.16,0.48
1.3784,0.16,0.52
1.4213,0.16,0.56
1.4629,0.16,0.6
1.5033,0.16,0.64
1.5427,0.16,0.68
1.5811,0.16,0.72
1.6186,0.16,0.76
1.6553,0.16,0.8
1.6912,0.16,0.84
1.7263,0.16,0.88
1.7607,0.16,0.92
1.7944,0.16,0.96
1.8166,0.2,-1
1.7833,0.2,-0.96
1.7493,0.2,-0.92
1.7146,0.2,-0.88
1.6793,0.2,-0.84
1.6432,0.2,-0.8
1.6062,0.2,-0.76
1.5684,0.2,-0.72
1.5297,0.2,-0.68
1.49,0.2,-0.64
1.4491,0.2,-0.6
1.4071,0.2,-0.56
1.3638,0.2,-0.52
1.3191,0.2,-0.48
1.2728,0.2,-0.44
1.2247,0.2,-0.4
1.1747,0.2,-0.36
1.1225,0.2,-0.32
1.0677,0.2,-0.28
1.01,0.2,-0.24
0.94868,0.2,-0.2
0.88318,0.2,-0.16
0.8124,0.2,-0.12
0.73485,0.2,-0.08
0.64807,0.2,-0.04
0.54772,0.2,0
0.64807,0.2,0.04
0.73485,0.2,0.08
0.8124,0.2,0.12
0.88318,0.2,0.16
0.94868,0.2,0.2
1.01,0.2,0.24
1.0677,0.2,0.28
1.1225,0.2,0.32
1.1747,0.2,0.36
1.2247,0.2,0.4
1.2728,0.2,0.44
1.3191,0.2,0.48
1.3638,0.2,0.52
1.4071,0.2,0.56
1.4491,0.2,0.6
1.49,0.2,0.64
1.5297,0.2,0.68
1.5684,0.2,0.72
1.6062,0.2,0.76
1.6432,0.2,0.8
1.6793,0.2,0.84
1.7146,0.2,0.88
1.7493,0.2,0.92
1.7833,0.2,0.96
1.8055,0.24,-1
1.772,0.24,-0.96
1.7378,0.24,-0.92
1.7029,0.24,-0.88
1.6673,0.24,-0.84
1.631,0.24,-0.8
1.5937,0.24,-0.76
1.5556,0.24,-0.72
1.5166,0.24,-0.68
1.4765,0.24,-0.64
1.4353,0.24,-0.6
1.3928,0.24,-0.56
1.3491,0.24,-0.52
1.3038,0.24,-0.48
1.257,0.24,-0.44
1.2083,0.24,-0.4
1.1576,0.24,-0.36
1.1045,0.24,-0.32
1.0488,0.24,-0.28
0.98995,0.24,-0.24
0.92736,0.24,-0.2
0.86023,0.24,-0.16
0.7874,0.24,-0.12
0.70711,0.24,-0.08
0.61644,0.24,-0.04
0.5099,0.24,0
0.61644,0.24,0.04
0.70711,0.24,0.08
0.7874,0.24,0.12
0.86023,0.24,0.16
0.92736,0.24,0.2
0.98995,0.24,0.24
1.0488,0.24,0.28
1.1045,0.24,0.32
1.1576,0.24,0.36
1.2083,0.24,0.4
1.257,0.24,0.44
1.3038,0.24,0.48
1.3491,0.24,0.52
1.3928,0.24,0.56
1.4353,0.24,0.6
1.4765,0.24,0.64
1.5166,0.24,0.68
1.5556,0.24,0.72
1.5937,0.24,0.76
1.631,0.24,0.8
1.6673,0.24,0.84
1.7029,0.24,0.88
1.7378,0.24,0.92
1.772,0.24,0.96
1.7944,0.28,-1
1.7607,0.28,-0.96
1.7263,0.28,-0.92
1.6912,0.28,-0.88
1.6553,0.28,-0.84
1.6186,0.28,-0.8
1.5811,0.28,-0.76
1.5427,0.28,-0.72
1.5033,0.28,-0.68
1.4629,0.28,-0.64
1.4213,0.28,-0.6
1.3784,0.28,-0.56
1.3342,0.28,-0.52
1.2884,0.28,-0.48
1.241,0.28,-0.44
1.1916,0.28,-0.4
1.1402,0.28,-0.36
1.0863,0.28,-0.32
1.0296,0.28,-0.28
0.96954,0.28,-0.24
0.90554,0.28,-0.2
0.83666,0.28,-0.16
0.76158,0.28,-0.12
0.67823,0.28,-0.08
0.5831,0.28,-0.04
0.46904,0.28,0
0.5831,0.28,0.04
0.67823,0.28,0.08
0.76158,0.28,0.12
0.83666,0.28,0.16
0.90554,0.28,0.2
0.96954,0.28,0.24
1.0296,0.28,0.28
1.0863,0.28,0.32
1.1402,0.28,0.36
1.1916,0.28,0.4
1.241,0.28,0.44
1.2884,0.28,0.48
1.3342,0.28,0.52
1.3784,0.28,0.56
1.4213,0.28,0.6
1.4629,0.28,0.64
1.5033,0.28,0.68
1.5427,0.28,0.72
1.5811,0.28,0.76
1.6186,0.28,0.8
1.6553,0.28,0.84
1.6912,0.28,0.88
1.7263,0.28,0.92
1.7607,0.28,0.96
1.7833,0.32,-1
1.7493,0.32,-0.96
1.7146,0.32,-0.92
1.6793,0.32,-0.88
1.6432,0.32,-0.84
1.6062,0.32,-0.8
1.5684,0.32,-0.76
1.5297,0.32,-0.72
1.49,0.32,-0.68
1.4491,0.32,-0.64
1.4071,0.32,-0.6
1.3638,0.32,-0.56
1.3191,0.32,-0.52
1.2728,0.32,-0.48
1.2247,0.32,-0.44
1.1747,0.32,-0.4
1.1225,0.32,-0.36
1.0677,0.32,-0.32
1.01,0.32,-0.28
0.94868,0.32,-0.24
0.88318,0.32,-0.2
0.8124,0.32,-0.16
0.73485,0.32,-0.12
0.64807,0.32,-0.08
0.54772,0.32,-0.04
0.42426,0.32,0
0.54772,0.32,0.04
0.64807,0.32,0.08
0.73485,0.32,0.12
0.8124,0.32,0.16
0.88318,0.32,0.2
0.94868,0.32,0.24
1.01,0.32,0.28
1.0677,0.32,0.32
1.1225,0.32,0.36
1.1747,0.32,0.4
1.2247,0.32,0.44
1.2728,0.32,0.48
1.3191,0.32,0.52
1.3638,0.32,0.56
1.4071,0.32,0.6
1.4491,0.32,0.64
1.49,0.32,0.68
1.5297,0.32,0.72
1.5684,0.32,0.76
1.6062,0.32,0.8
1.6432,0.32,0.84
1.6793,0.32,0.88
1.7146,0.32,0.92
1.7493,0.32,0.96
1.772,0.36,-1
1.7378,0.36,-0.96
1.7029,0.36,-0.92
1.6673,0.36,-0.88
1.631,0.36,-0.84
1.5937,0.36,-0.8
1.5556,0.36,-0.76
1.5166,0.36,-0.72
1.4765,0.36,-0.68
1.4353,0.36,-0.64
1.3928,0.36,-0.6
1.3491,0.36,-0.56
1.3038,0.36,-0.52
1.257,0.36,-0.48
1.2083,0.36,-0.44
1.1576,0.36,-0.4
1.1045,0.36,-0.36
1.0488,0.36,-0.32
0.98995,0.36,-0.28
0.92736,0.36,-0.24
0.86023,0.36,-0.2
0.7874,0.36,-0.16
0.70711,0.36,-0.12
0.61644,0.36,-0.08
0.5099,0.36,-0.04
0.37417,0.36,0
0.5099,0.36,0.04
0.61644,0.36,0.08
0.70711,0.36,0.12
0.7874,0.36,0.16
0.86023,0.36,0.2
0.92736,0.36,0.24
0.98995,0.36,0.28
1.0488,0.36,0.32
1.1045,0.36,0.36
1.1576,0.36,0.4
1.2083,0.36,0.44
1.257,0.36,0.48
1.3038,0.36,0.52
1.3491,0.36,0.56
1.3928,0.36,0.6
1.4353,0.36,0.64
1.4765,0.36,0.68
1.5166,0.36,0.72
1.5556,0.36,0.76
1.5937,0.36,0.8
1.631,0.36,0.84
1.6673,0.36,0.88
1.7029,0.36,0.92
1.7378,0.36,0.96
1.7607,0.4,-1
1.7263,0.4,-0.96
1.6912,0.4,-0.92
1.6553,0.4,-0.88
1.6186,0.4,-0.84
1.5811,0.4,-0.8
1.5427,0.4,-0.76
1.5033,0.4,-0.72
1.4629,0.4,-0.68
1.4213,0.4,-0.64
1.3784,0.4,-0.6
1.3342,0.4,-0.56
1.2884,0.4,-0.52
1.241,0.4,-0.48
1.1916,0.4,-0.44
1.1402,0.4,-0.4
1.0863,0.4,-0.36
1.0296,0.4,-0.32
0.96954,0.4,-0.28
0.90554,0.4,-0.24
0.83666,0.4,-0.2
0.76158,0.4,-0.16
0.67823,0.4,-0.12
0.5831,0.4,-0.08
0.46904,0.4,-0.04
0.31623,0.4,0
0.46904,0.4,0.04
0.5831,0.4,0.08
0.67823,0.4,0.12
0.76158,0.4,0.16
0.83666,0.4,0.2
0.90554,0.4,0.24
0.96954,0.4,0.28
1.0296,0.4,0.32
1.0863,0.4,0.36
1.1402,0.4,0.4
1.1916,0.4,0.44
1.241,0.4,0.48
1.2884,0.4,0.52
1.3342,0.4,0.56
1.3784,0.4,0.6
1.4213,0.4,0.64
1.4629,0.4,0.68
1.5033,0.4,0.72
1.5427,0.4,0.76
1.5811,0.4,0.8
1.6186,0.4,0.84
1.6553,0.4,0.88
1.6912,0.4,0.92
1.7263,0.4,0.96
1.7493,0.44,-1
1.7146,0.44,-0.96
1.6793,0.44,-0.92
1.6432,0.44,-0.88
1.6062,0.44,-0.84
1.5684,0.44,-0.8
1.5297,0.44,-0.76
1.49,0.44,-0.72
1.4491,0.44,-0.68
1.4071,0.44,-0.64
1.3638,0.44,-0.6
1.3191,0.44,-0.56
1.2728,0.44,-0.52
1.2247,0.44,-0.48
1.1747,0.44,-0.44
1.1225,0.44,-0.4
1.0677,0.44,-0.36
1.01,0.44,-0.32
0.94868,0.44,-0.28
0.88318,0.44,-0.24
0.8124,0.44,-0.2
0.73485,0.44,-0.16
0.64807,0.44,-0.12
0.54772,0.44,-0.08
0.42426,0.44,-0.04
0.24495,0.44,0
0.42426,0.44,0.04
0.54772,0.44,0.08
0.64807,0.44,0.12
0.73485,0.44,0.16
0.8124,0.44,0.2
0.88318,0.44,0.24
0.94868,0.44,0.28
1.01,0.44,0.32
1.0677,0.44,0.36
1.1225,0.44,0.4
1.1747,0.44,0.44
1.2247,0.44,0.48
1.2728,0.44,0.52
1.3191,0.44,0.56
1.3638,0.44,0.6
1.4071,0.44,0.64
1.4491,0.44,0.68
1.49,0.44,0.72
1.5297,0.44,0.76
1.5684,0.44,0.8
1.6062,0.44,0.84
1.6432,0.44,0.88
1.6793,0.44,0.92
1.7146,0.44,0.96
1.7378,0.48,-1
1.7029,0.48,-0.96
1.6673,0.48,-0.92
1.631,0.48,-0.88
1.5937,0.48,-0.84
1.5556,0.48,-0.8
1.5166,0.48,-0.76
1.4765,0.48,-0.72
1.4353,0.48,-0.68
1.3928,0.48,-0.64
1.3491,0.48,-0.6
1.3038,0.48,-0.56
1.257,0.48,-0.52
1.2083,0.48,-0.48
1.1576,0.48,-0.44
1.1045,0.48,-0.4
1.0488,0.48,-0.36
0.98995,0.48,-0.32
0.92736,0.48,-0.28
0.86023,0.48,-0.24
0.7874,0.48,-0.2
0.70711,0.48,-0.16
0.61644,0.48,-0.12
0.5099,0.48,-0.08
0.37417,0.48,-0.04
0.14142,0.48,0
0.37417,0.48,0.04
0.5099,0.48,0.08
0.61644,0.48,0.12
0.70711,0.48,0.16
0.7874,0.48,0.2
0.86023,0.48,0.24
0.92736,0.48,0.28
0.98995,0.48,0.32
1.0488,0.48,0.36
1.1045,0.48,0.4
1.1576,0.48,0.44
1.2083,0.48,0.48
1.257,0.48,0.52
1.3038,0.48,0.56
1.3491,0.48,0.6
1.3928,0.48,0.64
1.4353,0.48,0.68
1.4765,0.48,0.72
1.5166,0.48,0.76
1.5556,0.48,0.8
1.5937,0.48,0.84
1.631,0.48,0.88
1.6673,0.48,0.92
1.7029,0.48,0.96
1.7378,0.52,-1
1.7029,0.52,-0.96
1.6673,0.52,-0.92
1.631,0.52,-0.88
1.5937,0.52,-0.84
1.5556,0.52,-0.8
1.5166,0.52,-0.76
1.4765,0.52,-0.72
1.4353,0.52,-0.68
1.3928,0.52,-0.64
1.3491,0.52,-0.6
1.3038,0.52,-0.56
1.257,0.52,-0.52
1.2083,0.52,-0.48
1.1576,0.52,-0.44
1.1045,0.52,-0.4
1.0488,0.52,-0.36
0.98995,0.52,-0.32
0.92736,0.52,-0.28
0.86023,0.52,-0.24
0.7874,0.52,-0.2
0.70711,0.52,-0.16
0.61644,0.52,-0.12
0.5099,0.52,-0.08
0.37417,0.52,-0.04
0.14142,0.52,0
0.37417,0.52,0.04
0.5099,0.52,0.08
0.61644,0.52,0.12
0.70711,0.52,0.16
0.7874,0.52,0.2
0.86023,0.52,0.24
0.92736,0.52,0.28
0.98995,0.52,0.32
1.0488,0.52,0.36
1.1045,0.52,0.4
1.1576,0.52,0.44
1.2083,0.52,0.48
1.257,0.52,0.52
1.3038,0.52,0.56
1.3491,0.52,0.6
1.3928,0.52,0.64
1.4353,0.52,0.68
1.4765,0.52,0.72
1.5166,0.52,0.76
1.5556,0.52,0.8
1.5937,0.52,0.84
1.631,0.52,0.88
1.6673,0.52,0.92
1.7029,0.52,0.96
1.7493,0.56,-1
1.7146,0.56,-0.96
1.6793,0.56,-0.92
1.6432,0.56,-0.88
1.6062,0.56,-0.84
1.5684,0.56,-0.8
1.5297,0.56,-0.76
1.49,0.56,-0.72
1.4491,0.56,-0.68
1.4071,0.56,-0.64
1.3638,0.56,-0.6
1.3191,0.56,-0.56
1.2728,0.56,-0.52
1.2247,0.56,-0.48
1.1747,0.56,-0.44
1.1225,0.56,-0.4
1.0677,0.56,-0.36
1.01,0.56,-0.32
0.94868,0.56,-0.28
0.88318,0.56,-0.24
0.8124,0.56,-0.2
0.73485,0.56,-0.16
0.64807,0.56,-0.12
0.54772,0.56,-0.08
0.42426,0.56,-0.04
0.24495,0.56,0
0.42426,0.56,0.04
0.54772,0.56,0.08
0.64807,0.56,0.12
0.73485,0.56,0.16
0.8124,0.56,0.2
0.88318,0.56,0.24
0.94868,0.56,0.28
1.01,0.56,0.32
1.0677,0.56,0.36
1.1225,0.56,0.4
1.1747,0.56,0.44
1.2247,0.56,0.48
1.2728,0.56,0.52
1.3191,0.56,0.56
1.3638,0.56,0.6
1.4071,0.56,0.64
1.4491,0.56,0.68
1.49,0.56,0.72
1.5297,0.56,0.76
1.5684,0.56,0.8
1.6062,0.56,0.84
1.6432,0.56,0.88
1.6793,0.56,0.92
1.7146,0.56,0.96
1.7607,0.6,-1
1.7263,0.6,-0.96
1.6912,0.6,-0.92
1.6553,0.6,-0.88
1.6186,0.6,-0.84
1.5811,0.6,-0.8
1.5427,0.6,-0.76
1.5033,0.6,-0.72
1.4629,0.6,-0.68
1.4213,0.6,-0.64
1.3784,0.6,-0.6
1.3342,0.6,-0.56
1.2884,0.6,-0.52
1.241,0.6,-0.48
1.1916,0.6,-0.44
1.1402,0.6,-0.4
1.0863,0.6,-0.36
1.0296,0.6,-0.32
0.96954,0.6,-0.28
0.90554,0.6,-0.24
0.83666,0.6,-0.2
0.76158,0.6,-0.16
0.67823,0.6,-0.12
0.5831,0.6,-0.08
0.46904,0.6,-0.04
0.31623,0.6,0
0.46904,0.6,0.04
0.5831,0.6,0.08
0.67823,0.6,0.12
0.76158,0.6,0.16
0.83666,0.6,0.2
0.90554,0.6,0.24
0.96954,0.6,0.28
1.0296,0.6,0.32
1.0863,0.6,0.36
1.1402,0.6,0.4
1.1916,0.6,0.44
1.241,0.6,0.48
1.2884,0.6,0.52
1.3342,0.6,0.56
1.3784,0.6,0.6
1.4213,0.6,0.64
1.4629,0.6,0.68
1.5033,0.6,0.72
1.5427,0.6,0.76
1.5811,0.6,0.8
1.6186,0.6,0.84
1.6553,0.6,0.88
1.6912,0.6,0.92
1.7263,0.6,0.96
1.772,0.64,-1
1.7378,0.64,-0.96
1.7029,0.64,-0.92
1.6673,0.64,-0.88
1.631,0.64,-0.84
1.5937,0.64,-0.8
1.5556,0.64,-0.76
1.5166,0.64,-0.72
1.4765,0.64,-0.68
1.4353,0.64,-0.64
1.3928,0.64,-0.6
1.3491,0.64,-0.56
1.3038,0.64,-0.52
1.257,0.64,-0.48
1.2083,0.64,-0.44
1.1576,0.64,-0.4
1.1045,0.64,-0.36
1.0488,0.64,-0.32
0.98995,0.64,-0.28
0.92736,0.64,-0.24
0.86023,0.64,-0.2
0.7874,0.64,-0.16
0.70711,0.64,-0.12
0.61644,0.64,-0.08
0.5099,0.64,-0.04
0.37417,0.64,0
0.5099,0.64,0.04
0.61644,0.64,0.08
0.70711,0.64,0.12
0.7874,0.64,0.16
0.86023,0.64,0.2
0.92736,0.64,0.24
0.98995,0.64,0.28
1.0488,0.64,0.32
1.1045,0.64,0.36
1.1576,0.64,0.4
1.2083,0.64,0.44
1.257,0.64,0.48
1.3038,0.64,0.52
1.3491,0.64,0.56
1.3928,0.64,0.6
1.4353,0.64,0.64
1.4765,0.64,0.68
1.5166,0.64,0.72
1.5556,0.64,0.76
1.5937,0.64,0.8
1.631,0.64,0.84
1.6673,0.64,0.88
1.7029,0.64,0.92
1.7378,0.64,0.96
1.7833,0.68,-1
1.7493,0.68,-0.96
1.7146,0.68,-0.92
1.6793,0.68,-0.88
1.6432,0.68,-0.84
1.6062,0.68,-0.8
1.5684,0.68,-0.76
1.5297,0.68,-0.72
1.49,0.68,-0.68
1.4491,0.68,-0.64
1.4071,0.68,-0.6
1.3638,0.68,-0.56
1.3191,0.68,-0.52
1.2728,0.68,-0.48
1.2247,0.68,-0.44
1.1747,0.68,-0.4
1.1225,0.68,-0.36
1.0677,0.68,-0.32
1.01,0.68,-0.28
0.94868,0.68,-0.24
0.88318,0.68,-0.2
0.8124,0.68,-0.16
0.73485,0.68,-0.12
0.64807,0.68,-0.08
0.54772,0.68,-0.04
0.42426,0.68,0
0.54772,0.68,0.04
0.64807,0.68,0.08
0.73485,0.68,0.12
0.8124,0.68,0.16
0.88318,0.68,0.2
0.94868,0.68,0.24
1.01,0.68,0.28
1.0677,0.68,0.32
1.1225,0.68,0.36
1.1747,0.68,0.4
1.2247,0.68,0.44
1.2728,0.68,0.48
1.3191,0.68,0.52
1.3638,0.68,0.56
1.4071,0.68,0.6
1.4491,0.68,0.64
1.49,0.68,0.68
1.5297,0.68,0.72
1.5684,0.68,0.76
1.6062,0.68,0.8
1.6432,0.68,0.84
1.6793,0.68,0.88
1.7146,0.68,0.92
1.7493,0.68,0.96
1.7944,0.72,-1
1.7607,0.72,-0.96
1.7263,0.72,-0.92
1.6912,0.72,-0.88
1.6553,0.72,-0.84
1.6186,0.72,-0.8
1.5811,0.72,-0.76
1.5427,0.72,-0.72
1.5033,0.72,-0.68
1.4629,0.72,-0.64
1.4213,0.72,-0.6
1.3784,0.72,-0.56
1.3342,0.72,-0.52
1.2884,0.72,-0.48
1.241,0.72,-0.44
1.1916,0.72,-0.4
1.1402,0.72,-0.36
1.0863,0.72,-0.32
1.0296,0.72,-0.28
0.96954,0.72,-0.24
0.90554,0.72,-0.2
0.83666,0.72,-0.16
0.76158,0.72,-0.12
0.67823,0.72,-0.08
0.5831,0.72,-0.04
0.46904,0.72,0
0.5831,0.72,0.04
0.67823,0.72,0.08
0.76158,0.72,0.12
0.83666,0.72,0.16
0.90554,0.72,0.2
0.96954,0.72,0.24
1.0296,0.72,0.28
1.0863,0.72,0.32
1.1402,0.72,0.36
1.1916,0.72,0.4
1.241,0.72,0.44
1.2884,0.72,0.48
1.3342,0.72,0.52
1.3784,0.72,0.56
1.4213,0.72,0.6
1.4629,0.72,0.64
1.5033,0.72,0.68
1.5427,0.72,0.72
1.5811,0.72,0.76
1.6186,0.72,0.8
1.6553,0.72,0.84
1.6912,0.72,0.88
1.7263,0.72,0.92
1.7607,0.72,0.96
1.8055,0.76,-1
1.772,0.76,-0.96
1.7378,0.76,-0.92
1.7029,0.76,-0.88
1.6673,0.76,-0.84
1.631,0.76,-0.8
1.5937,0.76,-0.76
1.5556,0.76,-0.72
1.5166,0.76,-0.68
1.4765,0.76,-0.64
1.4353,0.76,-0.6
1.3928,0.76,-0.56
1.3491,0.76,-0.52
1.3038,0.76,-0.48
1.257,0.76,-0.44
1.2083,0.76,-0.4
1.1576,0.76,-0.36
1.1045,0.76,-0.32
1.0488,0.76,-0.28
0.98995,0.76,-0.24
0.92736,0.76,-0.2
0.86023,0.76,-0.16
0.7874,0.76,-0.12
0.70711,0.76,-0.08
0.61644,0.76,-0.04
0.5099,0.76,0
0.61644,0.76,0.04
0.70711,0.76,0.08
0.7874,0.76,0.12
0.86023,0.76,0.16
0.92736,0.76,0.2
0.98995,0.76,0.24
1.0488,0.76,0.28
1.1045,0.76,0.32
1.1576,0.76,0.36
1.2083,0.76,0.4
1.257,0.76,0.44
1.3038,0.76,0.48
1.3491,0.76,0.52
1.3928,0.76,0.56
1.4353,0.76,0.6
1.4765,0.76,0.64
1.5166,0.76,0.68
1.5556,0.76,0.72
1.5937,0.76,0.76
1.631,0.76,0.8
1.6673,0.76,0.84
1.7029,0.76,0.88
1.7378,0.76,0.92
1.772,0.76,0.96
1.8166,0.8,-1
1.7833,0.8,-0.96
1.7493,0.8,-0.92
1.7146,0.8,-0.88
1.6793,0.8,-0.84
1.6432,0.8,-0.8
1.6062,0.8,-0.76
1.5684,0.8,-0.72
1.5297,0.8,-0.68
1.49,0.8,-0.64
1.4491,0.8,-0.6
1.4071,0.8,-0.56
1.3638,0.8,-0.52
1.3191,0.8,-0.48
1.2728,0.8,-0.44
1.2247,0.8,-0.4
1.1747,0.8,-0.36
1.1225,0.8,-0.32
1.0677,0.8,-0.28
1.01,0.8,-0.24
0.94868,0.8,-0.2
0.88318,0.8,-0.16
0.8124,0.8,-0.12
0.73485,0.8,-0.08
0.64807,0.8,-0.04
0.54772,0.8,0
0.64807,0.8,0.04
0.73485,0.8,0.08
0.8124,0.8,0.12
0.88318,0.8,0.16
0.94868,0.8,0.2
1.01,0.8,0.24
1.0677,0.8,0.28
1.1225,0.8,0.32
1.1747,0.8,0.36
1.2247,0.8,0.4
1.2728,0.8,0.44
1.3191,0.8,0.48
1.3638,0.8,0.52
1.4071,0.8,0.56
1.4491,0.8,0.6
1.49,0.8,0.64
1.5297,0.8,0.68
1.5684,0.8,0.72
1.6062,0.8,0.76
1.6432,0.8,0.8
1.6793,0.8,0.84
1.7146,0.8,0.88
1.7493,0.8,0.92
1.7833,0.8,0.96
1.8276,0.84,-1
1.7944,0.84,-0.96
1.7607,0.84,-0.92
1.7263,0.84,-0.88
1.6912,0.84,-0.84
1.6553,0.84,-0.8
1.6186,0.84,-0.76
1.5811,0.84,-0.72
1.5427,0.84,-0.68
1.5033,0.84,-0.64
1.4629,0.84,-0.6
1.4213,0.84,-0.56
1.3784,0.84,-0.52
1.3342,0.84,-0.48
1.2884,0.84,-0.44
1.241,0.84,-0.4
1.1916,0.84,-0.36
1.1402,0.84,-0.32
1.0863,0.84,-0.28
1.0296,0.84,-0.24
0.96954,0.84,-0.2
0.90554,0.84,-0.16
0.83666,0.84,-0.12
0.76158,0.84,-0.08
0.67823,0.84,-0.04
0.5831,0.84,0
0.67823,0.84,0.04
0.76158,0.84,0.08
0.83666,0.84,0.12
0.90554,0.84,0.16
0.96954,0.84,0.2
1.0296,0.84,0.24
1.0863,0.84,0.28
1.1402,0.84,0.32
1.1916,0.84,0.36
1.241,0.84,0.4
1.2884,0.84,0.44
1.3342,0.84,0.48
1.3784,0.84,0.52
1.4213,0.84,0.56
1.4629,0.84,0.6
1.5033,0.84,0.64
1.5427,0.84,0.68
1.5811,0.84,0.72
1.6186,0.84,0.76
1.6553,0.84,0.8
1.6912,0.84,0.84
1.7263,0.84,0.88
1.7607,0.84,0.92
1.7944,0.84,0.96
1.8385,0.88,-1
1.8055,0.88,-0.96
1.772,0.88,-0.92
1.7378,0.88,-0.88
1.7029,0.88,-0.84
1.6673,0.88,-0.8
1.631,0.88,-0.76
1.5937,0.88,-0.72
1.5556,0.88,-0.68
1.5166,0.88,-0.64
1.4765,0.88,-0.6
1.4353,0.88,-0.56
1.3928,0.88,-0.52
1.3491,0.88,-0.48
1.3038,0.88,-0.44
1.257,0.88,-0.4
1.2083,0.88,-0.36
1.1576,0.88,-0.32
1.1045,0.88,-0.28
1.0488,0.88,-0.24
0.98995,0.88,-0.2
0.92736,0.88,-0.16
0.86023,0.88,-0.12
0.7874,0.88,-0.08
0.70711,0.88,-0.04
0.61644,0.88,0
0.70711,0.88,0.04
0.7874,0.88,0.08
0.86023,0.88,0.12
0.92736,0.88,0.16
0.98995,0.88,0.2
1.0488,0.88,0.24
1.1045,0.88,0.28
1.1576,0.88,0.32
1.2083,0.88,0.36
1.257,0.88,0.4
1.3038,0.88,0.44
1.3491,0.88,0.48
1.3928,0.88,0.52
1.4353,0.88,0.56
1.4765,0.88,0.6
1.5166,0.88,0.64
1.5556,0.88,0.68
1.5937,0.88,0.72
1.631,0.88,0.76
1.6673,0.88,0.8
1.7029,0.88,0.84
1.7378,0.88,0.88
1.772,0.88,0.92
1.8055,0.88,0.96
1.8493,0.92,-1
1.8166,0.92,-0.96
1.7833,0.92,-0.92
1.7493,0.92,-0.88
1.7146,0.92,-0.84
1.6793,0.92,-0.8
1.6432,0.92,-0.76
1.6062,0.92,-0.72
1.5684,0.92,-0.68
1.5297,0.92,-0.64
1.49,0.92,-0.6
1.4491,0.92,-0.56
1.4071,0.92,-0.52
1.3638,0.92,-0.48
1.3191,0.92,-0.44
1.2728,0.92,-0.4
1.2247,0.92,-0.36
1.1747,0.92,-0.32
1.1225,0.92,-0.28
1.0677,0.92,-0.24
1.01,0.92,-0.2
0.94868,0.92,-0.16
0.88318,0.92,-0.12
0.8124,0.92,-0.08
0.73485,0.92,-0.04
0.64807,0.92,0
0.73485,0.92,0.04
0.8124,0.92,0.08
0.88318,0.92,0.12
0.94868,0.92,0.16
1.01,0.92,0.2
1.0677,0.92,0.24
1.1225,0.92,0.28
1.1747,0.92,0.32
1.2247,0.92,0.36
1.2728,0.92,0.4
1.3191,0.92,0.44
1.3638,0.92,0.48
1.4071,0.92,0.52
1.4491,0.92,0.56
1.49,0.92,0.6
1.5297,0.92,0.64
1.5684,0.92,0.68
1.6062,0.92,0.72
1.6432,0.92,0.76
1.6793,0.92,0.8
1.7146,0.92,0.84
1.7493,0.92,0.88
1.7833,0.92,0.92
1.8166,0.92,0.96
1.8601,0.96,-1
1.8276,0.96,-0.96
1.7944,0.96,-0.92
1.7607,0.96,-0.88
1.7263,0.96,-0.84
1.6912,0.96,-0.8
1.6553,0.96,-0.76
1.6186,0.96,-0.72
1.5811,0.96,-0.68
1.5427,0.96,-0.64
1.5033,0.96,-0.6
1.4629,0.96,-0.56
1.4213,0.96,-0.52
1.3784,0.96,-0.48
1.3342,0.96,-0.44
1.2884,0.96,-0.4
1.241,0.96,-0.36
1.1916,0.96,-0.32
1.1402,0.96,-0.28
1.0863,0.96,-0.24
1.0296,0.96,-0.2
0.96954,0.96,-0.16
0.90554,0.96,-0.12
0.83666,0.96,-0.08
0.76158,0.96,-0.04
0.67823,0.96,0
0.76158,0.96,0.04
0.83666,0.96,0.08
0.90554,0.96,0.12
0.96954,0.96,0.16
1.0296,0.96,0.2
1.0863,0.96,0.24
1.1402,0.96,0.28
1.1916,0.96,0.32
1.241,0.96,0.36
1.2884,0.96,0.4
1.3342,0.96,0.44
1.3784,0.96,0.48
1.4213,0.96,0.52
1.4629,0.96,0.56
1.5033,0.96,0.6
1.5427,0.96,0.64
1.5811,0.96,0.68
1.6186,0.96,0.72
1.6553,0.96,0.76
1.6912,0.96,0.8
1.7263,0.96,0.84
1.7607,0.96,0.88
1.7944,0.96,0.92
1.8276,0.96,0.96
