-0.16274,-1,-1
-0.24635,-1,-0.96
-0.28831,-1,-0.92
-0.29066,-1,-0.88
-0.25353,-1,-0.84
-0.17512,-1,-0.8
-0.050044,-1,-0.76
0.13828,-1,-0.72
0.48738,-1,-0.68
0.22564,-1,-0.64
0.005354,-1,-0.6
-0.13828,-1,-0.56
-0.23166,-1,-0.52
-0.28251,-1,-0.48
-0.29351,-1,-0.44
-0.26514,-1,-0.4
-0.1961,-1,-0.36
-0.08209,-1,-0.32
0.089544,-1,-0.28
0.37541,-1,-0.24
0.29327,-1,-0.2
0.045478,-1,-0.16
-0.11144,-1,-0.12
-0.21492,-1,-0.08
-0.27479,-1,-0.04
-0.29446,-1,0
-0.27479,-1,0.04
-0.21492,-1,0.08
-0.11144,-1,0.12
0.045478,-1,0.16
0.29327,-1,0.2
0.37541,-1,0.24
0.089544,-1,0.28
-0.08209,-1,0.32
-0.1961,-1,0.36
-0.26514,-1,0.4
-0.29351,-1,0.44
-0.28251,-1,0.48
-0.23166,-1,0.52
-0.13828,-1,0.56
0.005354,-1,0.6
0.22564,-1,0.64
0.48738,-1,0.68
0.13828,-1,0.72
-0.050044,-1,0.76
-0.17512,-1,0.8
-0.25353,-1,0.84
-0.29066,-1,0.88
-0.28831,-1,0.92
-0.24635,-1,0.96
-0.036008,-0.96,-1
-0.11963,-0.96,-0.96
-0.16158,-0.96,-0.92
-0.16394,-0.96,-0.88
-0.1268,-0.96,-0.84
-0.048395,-0.96,-0.8
0.076683,-0.96,-0.76
0.26501,-0.96,-0.72
0.61411,-0.96,-0.68
0.35237,-0.96,-0.64
0.13208,-0.96,-0.6
-0.011553,-0.96,-0.56
-0.10493,-0.96,-0.52
-0.15578,-0.96,-0.48
-0.16678,-0.96,-0.44
-0.13841,-0.96,-0.4
-0.069371,-0.96,-0.36
0.044637,-0.96,-0.32
0.21627,-0.96,-0.28
0.50214,-0.96,-0.24
0.42,-0.96,-0.2
0.1722,-0.96,-0.16
0.015283,-0.96,-0.12
-0.088197,-0.96,-0.08
-0.14807,-0.96,-0.04
-0.16773,-0.96,0
-0.14807,-0.96,0.04
-0.088197,-0.96,0.08
0.015283,-0.96,0.12
0.1722,-0.96,0.16
0.42,-0.96,0.2
0.50214,-0.96,0.24
0.21627,-0.96,0.28
0.044637,-0.96,0.32
-0.069371,-0.96,0.36
-0.13841,-0.96,0.4
-0.16678,-0.96,0.44
-0.15578,-0.96,0.48
-0.10493,-0.96,0.52
-0.011553,-0.96,0.56
0.13208,-0.96,0.6
0.35237,-0.96,0.64
0.61411,-0.96,0.68
0.26501,-0.96,0.72
0.076683,-0.96,0.76
-0.048395,-0.96,0.8
-0.1268,-0.96,0.84
-0.16394,-0.96,0.88
-0.16158,-0.96,0.92
-0.11963,-0.96,0.96
0.057539,-0.92,-1
-0.02608,-0.92,-0.96
-0.068031,-0.92,-0.92
-0.070389,-0.92,-0.88
-0.033256,-0.92,-0.84
0.045153,-0.92,-0.8
0.17023,-0.92,-0.76
0.35856,-0.92,-0.72
0.70766,-0.92,-0.68
0.44592,-0.92,-0.64
0.22563,-0.92,-0.6
0.081994,-0.92,-0.56
-0.011386,-0.92,-0.52
-0.062236,-0.92,-0.48
-0.073237,-0.92,-0.44
-0.044867,-0.92,-0.4
0.024176,-0.92,-0.36
0.13818,-0.92,-0.32
0.30982,-0.92,-0.28
0.59568,-0.92,-0.24
0.51354,-0.92,-0.2
0.26575,-0.92,-0.16
0.10883,-0.92,-0.12
0.0053501,-0.92,-0.08
-0.05452,-0.92,-0.04
-0.074185,-0.92,0
-0.05452,-0.92,0.04
0.0053501,-0.92,0.08
0.10883,-0.92,0.12
0.26575,-0.92,0.16
0.51354,-0.92,0.2
0.59568,-0.92,0.24
0.30982,-0.92,0.28
0.13818,-0.92,0.32
0.024176,-0.92,0.36
-0.044867,-0.92,0.4
-0.073237,-0.92,0.44
-0.062236,-0.92,0.48
-0.011386,-0.92,0.52
0.081994,-0.92,0.56
0.22563,-0.92,0.6
0.44592,-0.92,0.64
0.70766,-0.92,0.68
0.35856,-0.92,0.72
0.17023,-0.92,0.76
0.045153,-0.92,0.8
-0.033256,-0.92,0.84
-0.070389,-0.92,0.88
-0.068031,-0.92,0.92
-0.02608,-0.92,0.96
0.11418,-0.88,-1
0.030558,-0.88,-0.96
-0.011393,-0.88,-0.92
-0.013751,-0.88,-0.88
0.023382,-0.88,-0.84
0.10179,-0.88,-0.8
0.22687,-0.88,-0.76
0.41519,-0.88,-0.72
0.76429,-0.88,-0.68
0.50255,-0.88,-0.64
0.28227,-0.88,-0.6
0.13863,-0.88,-0.56
0.045252,-0.88,-0.52
-0.0055979,-0.88,-0.48
-0.016599,-0.88,-0.44
0.011771,-0.88,-0.4
0.080814,-0.88,-0.36
0.19482,-0.88,-0.32
0.36646,-0.88,-0.28
0.65232,-0.88,-0.24
0.57018,-0.88,-0.2
0.32239,-0.88,-0.16
0.16547,-0.88,-0.12
0.061988,-0.88,-0.08
0.0021183,-0.88,-0.04
-0.017547,-0.88,0
0.0021183,-0.88,0.04
0.061988,-0.88,0.08
0.16547,-0.88,0.12
0.32239,-0.88,0.16
0.57018,-0.88,0.2
0.65232,-0.88,0.24
0.36646,-0.88,0.28
0.19482,-0.88,0.32
0.080814,-0.88,0.36
0.011771,-0.88,0.4
-0.016599,-0.88,0.44
-0.0055979,-0.88,0.48
0.045252,-0.88,0.52
0.13863,-0.88,0.56
0.28227,-0.88,0.6
0.50255,-0.88,0.64
0.76429,-0.88,0.68
0.41519,-0.88,0.72
0.22687,-0.88,0.76
0.10179,-0.88,0.8
0.023382,-0.88,0.84
-0.013751,-0.88,0.88
-0.011393,-0.88,0.92
0.030558,-0.88,0.96
0.13165,-0.84,-1
0.048028,-0.84,-0.96
0.0060773,-0.84,-0.92
0.0037193,-0.84,-0.88
0.040853,-0.84,-0.84
0.11926,-0.84,-0.8
0.24434,-0.84,-0.76
0.43266,-0.84,-0.72
0.78176,-0.84,-0.68
0.52002,-0.84,-0.64
0.29974,-0.84,-0.6
0.1561,-0.84,-0.56
0.062723,-0.84,-0.52
0.011873,-0.84,-0.48
0.00087182,-0.84,-0.44
0.029242,-0.84,-0.4
0.098285,-0.84,-0.36
0.21229,-0.84,-0.32
0.38393,-0.84,-0.28
0.66979,-0.84,-0.24
0.58765,-0.84,-0.2
0.33986,-0.84,-0.16
0.18294,-0.84,-0.12
0.079459,-0.84,-0.08
0.019589,-0.84,-0.04
-7.6742e-05,-0.84,0
0.019589,-0.84,0.04
0.079459,-0.84,0.08
0.18294,-0.84,0.12
0.33986,-0.84,0.16
0.58765,-0.84,0.2
0.66979,-0.84,0.24
0.38393,-0.84,0.28
0.21229,-0.84,0.32
0.098285,-0.84,0.36
0.029242,-0.84,0.4
0.00087182,-0.84,0.44
0.011873,-0.84,0.48
0.062723,-0.84,0.52
0.1561,-0.84,0.56
0.29974,-0.84,0.6
0.52002,-0.84,0.64
0.78176,-0.84,0.68
0.43266,-0.84,0.72
0.24434,-0.84,0.76
0.11926,-0.84,0.8
0.040853,-0.84,0.84
0.0037193,-0.84,0.88
0.0060773,-0.84,0.92
0.048028,-0.84,0.96
0.10925,-0.8,-1
0.025635,-0.8,-0.96
-0.016316,-0.8,-0.92
-0.018674,-0.8,-0.88
0.01846,-0.8,-0.84
0.096868,-0.8,-0.8
0.22195,-0.8,-0.76
0.41027,-0.8,-0.72
0.75937,-0.8,-0.68
0.49763,-0.8,-0.64
0.27734,-0.8,-0.6
0.13371,-0.8,-0.56
0.040329,-0.8,-0.52
-0.01052,-0.8,-0.48
-0.021521,-0.8,-0.44
0.0068487,-0.8,-0.4
0.075892,-0.8,-0.36
0.1899,-0.8,-0.32
0.36153,-0.8,-0.28
0.6474,-0.8,-0.24
0.56526,-0.8,-0.2
0.31747,-0.8,-0.16
0.16055,-0.8,-0.12
0.057066,-0.8,-0.08
-0.0028042,-0.8,-0.04
-0.02247,-0.8,0
-0.0028042,-0.8,0.04
0.057066,-0.8,0.08
0.16055,-0.8,0.12
0.31747,-0.8,0.16
0.56526,-0.8,0.2
0.6474,-0.8,0.24
0.36153,-0.8,0.28
0.1899,-0.8,0.32
0.075892,-0.8,0.36
0.0068487,-0.8,0.4
-0.021521,-0.8,0.44
-0.01052,-0.8,0.48
0.040329,-0.8,0.52
0.13371,-0.8,0.56
0.27734,-0.8,0.6
0.49763,-0.8,0.64
0.75937,-0.8,0.68
0.41027,-0.8,0.72
0.22195,-0.8,0.76
0.096868,-0.8,0.8
0.01846,-0.8,0.84
-0.018674,-0.8,0.88
-0.016316,-0.8,0.92
0.025635,-0.8,0.96
0.04789,-0.76,-1
-0.035729,-0.76,-0.96
-0.07768,-0.76,-0.92
-0.080038,-0.76,-0.88
-0.042904,-0.76,-0.84
0.035504,-0.76,-0.8
0.16058,-0.76,-0.76
0.34891,-0.76,-0.72
0.69801,-0.76,-0.68
0.43627,-0.76,-0.64
0.21598,-0.76,-0.6
0.072346,-0.76,-0.56
-0.021035,-0.76,-0.52
-0.071885,-0.76,-0.48
-0.082885,-0.76,-0.44
-0.054515,-0.76,-0.4
0.014527,-0.76,-0.36
0.12854,-0.76,-0.32
0.30017,-0.76,-0.28
0.58603,-0.76,-0.24
0.5039,-0.76,-0.2
0.2561,-0.76,-0.16
0.099182,-0.76,-0.12
-0.0042987,-0.76,-0.08
-0.064168,-0.76,-0.04
-0.083834,-0.76,0
-0.064168,-0.76,0.04
-0.0042987,-0.76,0.08
0.099182,-0.76,0.12
0.2561,-0.76,0.16
0.5039,-0.76,0.2
0.58603,-0.76,0.24
0.30017,-0.76,0.28
0.12854,-0.76,0.32
0.014527,-0.76,0.36
-0.054515,-0.76,0.4
-0.082885,-0.76,0.44
-0.071885,-0.76,0.48
-0.021035,-0.76,0.52
0.072346,-0.76,0.56
0.21598,-0.76,0.6
0.43627,-0.76,0.64
0.69801,-0.76,0.68
0.34891,-0.76,0.72
0.16058,-0.76,0.76
0.035504,-0.76,0.8
-0.042904,-0.76,0.84
-0.080038,-0.76,0.88
-0.07768,-0.76,0.92
-0.035729,-0.76,0.96
-0.049998,-0.72,-1
-0.13362,-0.72,-0.96
-0.17557,-0.72,-0.92
-0.17793,-0.72,-0.88
-0.14079,-0.72,-0.84
-0.062385,-0.72,-0.8
0.062693,-0.72,-0.76
0.25102,-0.72,-0.72
0.60012,-0.72,-0.68
0.33838,-0.72,-0.64
0.11809,-0.72,-0.6
-0.025543,-0.72,-0.56
-0.11892,-0.72,-0.52
-0.16977,-0.72,-0.48
-0.18077,-0.72,-0.44
-0.1524,-0.72,-0.4
-0.083361,-0.72,-0.36
0.030647,-0.72,-0.32
0.20228,-0.72,-0.28
0.48815,-0.72,-0.24
0.40601,-0.72,-0.2
0.15821,-0.72,-0.16
0.0012931,-0.72,-0.12
-0.10219,-0.72,-0.08
-0.16206,-0.72,-0.04
-0.18172,-0.72,0
-0.16206,-0.72,0.04
-0.10219,-0.72,0.08
0.0012931,-0.72,0.12
0.15821,-0.72,0.16
0.40601,-0.72,0.2
0.48815,-0.72,0.24
0.20228,-0.72,0.28
0.030647,-0.72,0.32
-0.083361,-0.72,0.36
-0.1524,-0.72,0.4
-0.18077,-0.72,0.44
-0.16977,-0.72,0.48
-0.11892,-0.72,0.52
-0.025543,-0.72,0.56
0.11809,-0.72,0.6
0.33838,-0.72,0.64
0.60012,-0.72,0.68
0.25102,-0.72,0.72
0.062693,-0.72,0.76
-0.062385,-0.72,0.8
-0.14079,-0.72,0.84
-0.17793,-0.72,0.88
-0.17557,-0.72,0.92
-0.13362,-0.72,0.96
-0.18051,-0.68,-1
-0.26413,-0.68,-0.96
-0.30608,-0.68,-0.92
-0.30844,-0.68,-0.88
-0.2713,-0.68,-0.84
-0.1929,-0.68,-0.8
-0.067818,-0.68,-0.76
0.12051,-0.68,-0.72
0.46961,-0.68,-0.68
0.20787,-0.68,-0.64
-0.01242,-0.68,-0.6
-0.15605,-0.68,-0.56
-0.24943,-0.68,-0.52
-0.30028,-0.68,-0.48
-0.31129,-0.68,-0.44
-0.28292,-0.68,-0.4
-0.21387,-0.68,-0.36
-0.099864,-0.68,-0.32
0.07177,-0.68,-0.28
0.35763,-0.68,-0.24
0.2755,-0.68,-0.2
0.027704,-0.68,-0.16
-0.12922,-0.68,-0.12
-0.2327,-0.68,-0.08
-0.29257,-0.68,-0.04
-0.31223,-0.68,0
-0.29257,-0.68,0.04
-0.2327,-0.68,0.08
-0.12922,-0.68,0.12
0.027704,-0.68,0.16
0.2755,-0.68,0.2
0.35763,-0.68,0.24
0.07177,-0.68,0.28
-0.099864,-0.68,0.32
-0.21387,-0.68,0.36
-0.28292,-0.68,0.4
-0.31129,-0.68,0.44
-0.30028,-0.68,0.48
-0.24943,-0.68,0.52
-0.15605,-0.68,0.56
-0.01242,-0.68,0.6
0.20787,-0.68,0.64
0.46961,-0.68,0.68
0.12051,-0.68,0.72
-0.067818,-0.68,0.76
-0.1929,-0.68,0.8
-0.2713,-0.68,0.84
-0.30844,-0.68,0.88
-0.30608,-0.68,0.92
-0.26413,-0.68,0.96
-0.33844,-0.64,-1
-0.42206,-0.64,-0.96
-0.46401,-0.64,-0.92
-0.46637,-0.64,-0.88
-0.42923,-0.64,-0.84
-0.35083,-0.64,-0.8
-0.22575,-0.64,-0.76
-0.037422,-0.64,-0.72
0.31168,-0.64,-0.68
0.049937,-0.64,-0.64
-0.17035,-0.64,-0.6
-0.31398,-0.64,-0.56
-0.40736,-0.64,-0.52
-0.45821,-0.64,-0.48
-0.46922,-0.64,-0.44
-0.44085,-0.64,-0.4
-0.3718,-0.64,-0.36
-0.25779,-0.64,-0.32
-0.08616,-0.64,-0.28
0.1997,-0.64,-0.24
0.11757,-0.64,-0.2
-0.13023,-0.64,-0.16
-0.28715,-0.64,-0.12
-0.39063,-0.64,-0.08
-0.4505,-0.64,-0.04
-0.47016,-0.64,0
-0.4505,-0.64,0.04
-0.39063,-0.64,0.08
-0.28715,-0.64,0.12
-0.13023,-0.64,0.16
0.11757,-0.64,0.2
0.1997,-0.64,0.24
-0.08616,-0.64,0.28
-0.25779,-0.64,0.32
-0.3718,-0.64,0.36
-0.44085,-0.64,0.4
-0.46922,-0.64,0.44
-0.45821,-0.64,0.48
-0.40736,-0.64,0.52
-0.31398,-0.64,0.56
-0.17035,-0.64,0.6
0.049937,-0.64,0.64
0.31168,-0.64,0.68
-0.037422,-0.64,0.72
-0.22575,-0.64,0.76
-0.35083,-0.64,0.8
-0.42923,-0.64,0.84
-0.46637,-0.64,0.88
-0.46401,-0.64,0.92
-0.42206,-0.64,0.96
-0.51749,-0.6,-1
-0.60111,-0.6,-0.96
-0.64306,-0.6,-0.92
-0.64542,-0.6,-0.88
-0.60829,-0.6,-0.84
-0.52988,-0.6,-0.8
-0.4048,-0.6,-0.76
-0.21648,-0.6,-0.72
0.13262,-0.6,-0.68
-0.12912,-0.6,-0.64
-0.3494,-0.6,-0.6
-0.49304,-0.6,-0.56
-0.58642,-0.6,-0.52
-0.63727,-0.6,-0.48
-0.64827,-0.6,-0.44
-0.6199,-0.6,-0.4
-0.55086,-0.6,-0.36
-0.43685,-0.6,-0.32
-0.26521,-0.6,-0.28
0.020652,-0.6,-0.24
-0.061487,-0.6,-0.2
-0.30928,-0.6,-0.16
-0.4662,-0.6,-0.12
-0.56968,-0.6,-0.08
-0.62955,-0.6,-0.04
-0.64922,-0.6,0
-0.62955,-0.6,0.04
-0.56968,-0.6,0.08
-0.4662,-0.6,0.12
-0.30928,-0.6,0.16
-0.061487,-0.6,0.2
0.020652,-0.6,0.24
-0.26521,-0.6,0.28
-0.43685,-0.6,0.32
-0.55086,-0.6,0.36
-0.6199,-0.6,0.4
-0.64827,-0.6,0.44
-0.63727,-0.6,0.48
-0.58642,-0.6,0.52
-0.49304,-0.6,0.56
-0.3494,-0.6,0.6
-0.12912,-0.6,0.64
0.13262,-0.6,0.68
-0.21648,-0.6,0.72
-0.4048,-0.6,0.76
-0.52988,-0.6,0.8
-0.60829,-0.6,0.84
-0.64542,-0.6,0.88
-0.64306,-0.6,0.92
-0.60111,-0.6,0.96
-0.71053,-0.56,-1
-0.79415,-0.56,-0.96
-0.8361,-0.56,-0.92
-0.83846,-0.56,-0.88
-0.80132,-0.56,-0.84
-0.72292,-0.56,-0.8
-0.59784,-0.56,-0.76
-0.40951,-0.56,-0.72
-0.060413,-0.56,-0.68
-0.32215,-0.56,-0.64
-0.54244,-0.56,-0.6
-0.68607,-0.56,-0.56
-0.77945,-0.56,-0.52
-0.8303,-0.56,-0.48
-0.84131,-0.56,-0.44
-0.81294,-0.56,-0.4
-0.74389,-0.56,-0.36
-0.62988,-0.56,-0.32
-0.45825,-0.56,-0.28
-0.17239,-0.56,-0.24
-0.25453,-0.56,-0.2
-0.50232,-0.56,-0.16
-0.65924,-0.56,-0.12
-0.76272,-0.56,-0.08
-0.82259,-0.56,-0.04
-0.84225,-0.56,0
-0.82259,-0.56,0.04
-0.76272,-0.56,0.08
-0.65924,-0.56,0.12
-0.50232,-0.56,0.16
-0.25453,-0.56,0.2
-0.17239,-0.56,0.24
-0.45825,-0.56,0.28
-0.62988,-0.56,0.32
-0.74389,-0.56,0.36
-0.81294,-0.56,0.4
-0.84131,-0.56,0.44
-0.8303,-0.56,0.48
-0.77945,-0.56,0.52
-0.68607,-0.56,0.56
-0.54244,-0.56,0.6
-0.32215,-0.56,0.64
-0.060413,-0.56,0.68
-0.40951,-0.56,0.72
-0.59784,-0.56,0.76
-0.72292,-0.56,0.8
-0.80132,-0.56,0.84
-0.83846,-0.56,0.88
-0.8361,-0.56,0.92
-0.79415,-0.56,0.96
-0.90986,-0.52,-1
-0.99348,-0.52,-0.96
-1.0354,-0.52,-0.92
-1.0378,-0.52,-0.88
-1.0007,-0.52,-0.84
-0.92224,-0.52,-0.8
-0.79717,-0.52,-0.76
-0.60884,-0.52,-0.72
-0.25974,-0.52,-0.68
-0.52148,-0.52,-0.64
-0.74177,-0.52,-0.6
-0.8854,-0.52,-0.56
-0.97878,-0.52,-0.52
-1.0296,-0.52,-0.48
-1.0406,-0.52,-0.44
-1.0123,-0.52,-0.4
-0.94322,-0.52,-0.36
-0.82921,-0.52,-0.32
-0.65758,-0.52,-0.28
-0.37171,-0.52,-0.24
-0.45385,-0.52,-0.2
-0.70164,-0.52,-0.16
-0.85856,-0.52,-0.12
-0.96205,-0.52,-0.08
-1.0219,-0.52,-0.04
-1.0416,-0.52,0
-1.0219,-0.52,0.04
-0.96205,-0.52,0.08
-0.85856,-0.52,0.12
-0.70164,-0.52,0.16
-0.45385,-0.52,0.2
-0.37171,-0.52,0.24
-0.65758,-0.52,0.28
-0.82921,-0.52,0.32
-0.94322,-0.52,0.36
-1.0123,-0.52,0.4
-1.0406,-0.52,0.44
-1.0296,-0.52,0.48
-0.97878,-0.52,0.52
-0.8854,-0.52,0.56
-0.74177,-0.52,0.6
-0.52148,-0.52,0.64
-0.25974,-0.52,0.68
-0.60884,-0.52,0.72
-0.79717,-0.52,0.76
-0.92224,-0.52,0.8
-1.0007,-0.52,0.84
-1.0378,-0.52,0.88
-1.0354,-0.52,0.92
-0.99348,-0.52,0.96
-1.1075,-0.48,-1
-1.1911,-0.48,-0.96
-1.2331,-0.48,-0.92
-1.2355,-0.48,-0.88
-1.1983,-0.48,-0.84
-1.1199,-0.48,-0.8
-0.99483,-0.48,-0.76
-0.80651,-0.48,-0.72
-0.45741,-0.48,-0.68
-0.71915,-0.48,-0.64
-0.93944,-0.48,-0.6
-1.0831,-0.48,-0.56
-1.1764,-0.48,-0.52
-1.2273,-0.48,-0.48
-1.2383,-0.48,-0.44
-1.2099,-0.48,-0.4
-1.1409,-0.48,-0.36
-1.0269,-0.48,-0.32
-0.85525,-0.48,-0.28
-0.56938,-0.48,-0.24
-0.65152,-0.48,-0.2
-0.89931,-0.48,-0.16
-1.0562,-0.48,-0.12
-1.1597,-0.48,-0.08
-1.2196,-0.48,-0.04
-1.2392,-0.48,0
-1.2196,-0.48,0.04
-1.1597,-0.48,0.08
-1.0562,-0.48,0.12
-0.89931,-0.48,0.16
-0.65152,-0.48,0.2
-0.56938,-0.48,0.24
-0.85525,-0.48,0.28
-1.0269,-0.48,0.32
-1.1409,-0.48,0.36
-1.2099,-0.48,0.4
-1.2383,-0.48,0.44
-1.2273,-0.48,0.48
-1.1764,-0.48,0.52
-1.0831,-0.48,0.56
-0.93944,-0.48,0.6
-0.71915,-0.48,0.64
-0.45741,-0.48,0.68
-0.80651,-0.48,0.72
-0.99483,-0.48,0.76
-1.1199,-0.48,0.8
-1.1983,-0.48,0.84
-1.2355,-0.48,0.88
-1.2331,-0.48,0.92
-1.1911,-0.48,0.96
-1.2957,-0.44,-1
-1.3793,-0.44,-0.96
-1.4212,-0.44,-0.92
-1.4236,-0.44,-0.88
-1.3865,-0.44,-0.84
-1.308,-0.44,-0.8
-1.183,-0.44,-0.76
-0.99464,-0.44,-0.72
-0.64554,-0.44,-0.68
-0.90728,-0.44,-0.64
-1.1276,-0.44,-0.6
-1.2712,-0.44,-0.56
-1.3646,-0.44,-0.52
-1.4154,-0.44,-0.48
-1.4264,-0.44,-0.44
-1.3981,-0.44,-0.4
-1.329,-0.44,-0.36
-1.215,-0.44,-0.32
-1.0434,-0.44,-0.28
-0.75751,-0.44,-0.24
-0.83965,-0.44,-0.2
-1.0874,-0.44,-0.16
-1.2444,-0.44,-0.12
-1.3478,-0.44,-0.08
-1.4077,-0.44,-0.04
-1.4274,-0.44,0
-1.4077,-0.44,0.04
-1.3478,-0.44,0.08
-1.2444,-0.44,0.12
-1.0874,-0.44,0.16
-0.83965,-0.44,0.2
-0.75751,-0.44,0.24
-1.0434,-0.44,0.28
-1.215,-0.44,0.32
-1.329,-0.44,0.36
-1.3981,-0.44,0.4
-1.4264,-0.44,0.44
-1.4154,-0.44,0.48
-1.3646,-0.44,0.52
-1.2712,-0.44,0.56
-1.1276,-0.44,0.6
-0.90728,-0.44,0.64
-0.64554,-0.44,0.68
-0.99464,-0.44,0.72
-1.183,-0.44,0.76
-1.308,-0.44,0.8
-1.3865,-0.44,0.84
-1.4236,-0.44,0.88
-1.4212,-0.44,0.92
-1.3793,-0.44,0.96
-1.4667,-0.4,-1
-1.5504,-0.4,-0.96
-1.5923,-0.4,-0.92
-1.5947,-0.4,-0.88
-1.5575,-0.4,-0.84
-1.4791,-0.4,-0.8
-1.3541,-0.4,-0.76
-1.1657,-0.4,-0.72
-0.81663,-0.4,-0.68
-1.0784,-0.4,-0.64
-1.2987,-0.4,-0.6
-1.4423,-0.4,-0.56
-1.5357,-0.4,-0.52
-1.5865,-0.4,-0.48
-1.5975,-0.4,-0.44
-1.5692,-0.4,-0.4
-1.5001,-0.4,-0.36
-1.3861,-0.4,-0.32
-1.2145,-0.4,-0.28
-0.9286,-0.4,-0.24
-1.0107,-0.4,-0.2
-1.2585,-0.4,-0.16
-1.4155,-0.4,-0.12
-1.5189,-0.4,-0.08
-1.5788,-0.4,-0.04
-1.5985,-0.4,0
-1.5788,-0.4,0.04
-1.5189,-0.4,0.08
-1.4155,-0.4,0.12
-1.2585,-0.4,0.16
-1.0107,-0.4,0.2
-0.9286,-0.4,0.24
-1.2145,-0.4,0.28
-1.3861,-0.4,0.32
-1.5001,-0.4,0.36
-1.5692,-0.4,0.4
-1.5975,-0.4,0.44
-1.5865,-0.4,0.48
-1.5357,-0.4,0.52
-1.4423,-0.4,0.56
-1.2987,-0.4,0.6
-1.0784,-0.4,0.64
-0.81663,-0.4,0.68
-1.1657,-0.4,0.72
-1.3541,-0.4,0.76
-1.4791,-0.4,0.8
-1.5575,-0.4,0.84
-1.5947,-0.4,0.88
-1.5923,-0.4,0.92
-1.5504,-0.4,0.96
-1.614,-0.36,-1
-1.6976,-0.36,-0.96
-1.7396,-0.36,-0.92
-1.7419,-0.36,-0.88
-1.7048,-0.36,-0.84
-1.6264,-0.36,-0.8
-1.5013,-0.36,-0.76
-1.313,-0.36,-0.72
-0.96386,-0.36,-0.68
-1.2256,-0.36,-0.64
-1.4459,-0.36,-0.6
-1.5895,-0.36,-0.56
-1.6829,-0.36,-0.52
-1.7338,-0.36,-0.48
-1.7448,-0.36,-0.44
-1.7164,-0.36,-0.4
-1.6473,-0.36,-0.36
-1.5333,-0.36,-0.32
-1.3617,-0.36,-0.28
-1.0758,-0.36,-0.24
-1.158,-0.36,-0.2
-1.4058,-0.36,-0.16
-1.5627,-0.36,-0.12
-1.6662,-0.36,-0.08
-1.726,-0.36,-0.04
-1.7457,-0.36,0
-1.726,-0.36,0.04
-1.6662,-0.36,0.08
-1.5627,-0.36,0.12
-1.4058,-0.36,0.16
-1.158,-0.36,0.2
-1.0758,-0.36,0.24
-1.3617,-0.36,0.28
-1.5333,-0.36,0.32
-1.6473,-0.36,0.36
-1.7164,-0.36,0.4
-1.7448,-0.36,0.44
-1.7338,-0.36,0.48
-1.6829,-0.36,0.52
-1.5895,-0.36,0.56
-1.4459,-0.36,0.6
-1.2256,-0.36,0.64
-0.96386,-0.36,0.68
-1.313,-0.36,0.72
-1.5013,-0.36,0.76
-1.6264,-0.36,0.8
-1.7048,-0.36,0.84
-1.7419,-0.36,0.88
-1.7396,-0.36,0.92
-1.6976,-0.36,0.96
-1.7315,-0.32,-1
-1.8151,-0.32,-0.96
-1.8571,-0.32,-0.92
-1.8594,-0.32,-0.88
-1.8223,-0.32,-0.84
-1.7439,-0.32,-0.8
-1.6188,-0.32,-0.76
-1.4305,-0.32,-0.72
-1.0814,-0.32,-0.68
-1.3431,-0.32,-0.64
-1.5634,-0.32,-0.6
-1.707,-0.32,-0.56
-1.8004,-0.32,-0.52
-1.8513,-0.32,-0.48
-1.8623,-0.32,-0.44
-1.8339,-0.32,-0.4
-1.7648,-0.32,-0.36
-1.6508,-0.32,-0.32
-1.4792,-0.32,-0.28
-1.1933,-0.32,-0.24
-1.2755,-0.32,-0.2
-1.5233,-0.32,-0.16
-1.6802,-0.32,-0.12
-1.7837,-0.32,-0.08
-1.8435,-0.32,-0.04
-1.8632,-0.32,0
-1.8435,-0.32,0.04
-1.7837,-0.32,0.08
-1.6802,-0.32,0.12
-1.5233,-0.32,0.16
-1.2755,-0.32,0.2
-1.1933,-0.32,0.24
-1.4792,-0.32,0.28
-1.6508,-0.32,0.32
-1.7648,-0.32,0.36
-1.8339,-0.32,0.4
-1.8623,-0.32,0.44
-1.8513,-0.32,0.48
-1.8004,-0.32,0.52
-1.707,-0.32,0.56
-1.5634,-0.32,0.6
-1.3431,-0.32,0.64
-1.0814,-0.32,0.68
-1.4305,-0.32,0.72
-1.6188,-0.32,0.76
-1.7439,-0.32,0.8
-1.8223,-0.32,0.84
-1.8594,-0.32,0.88
-1.8571,-0.32,0.92
-1.8151,-0.32,0.96
-1.8146,-0.28,-1
-1.8982,-0.28,-0.96
-1.9401,-0.28,-0.92
-1.9425,-0.28,-0.88
-1.9054,-0.28,-0.84
-1.827,-0.28,-0.8
-1.7019,-0.28,-0.76
-1.5136,-0.28,-0.72
-1.1645,-0.28,-0.68
-1.4262,-0.28,-0.64
-1.6465,-0.28,-0.6
-1.7901,-0.28,-0.56
-1.8835,-0.28,-0.52
-1.9344,-0.28,-0.48
-1.9454,-0.28,-0.44
-1.917,-0.28,-0.4
-1.8479,-0.28,-0.36
-1.7339,-0.28,-0.32
-1.5623,-0.28,-0.28
-1.2764,-0.28,-0.24
-1.3586,-0.28,-0.2
-1.6064,-0.28,-0.16
-1.7633,-0.28,-0.12
-1.8668,-0.28,-0.08
-1.9266,-0.28,-0.04
-1.9463,-0.28,0
-1.9266,-0.28,0.04
-1.8668,-0.28,0.08
-1.7633,-0.28,0.12
-1.6064,-0.28,0.16
-1.3586,-0.28,0.2
-1.2764,-0.28,0.24
-1.5623,-0.28,0.28
-1.7339,-0.28,0.32
-1.8479,-0.28,0.36
-1.917,-0.28,0.4
-1.9454,-0.28,0.44
-1.9344,-0.28,0.48
-1.8835,-0.28,0.52
-1.7901,-0.28,0.56
-1.6465,-0.28,0.6
-1.4262,-0.28,0.64
-1.1645,-0.28,0.68
-1.5136,-0.28,0.72
-1.7019,-0.28,0.76
-1.827,-0.28,0.8
-1.9054,-0.28,0.84
-1.9425,-0.28,0.88
-1.9401,-0.28,0.92
-1.8982,-0.28,0.96
-1.8599,-0.24,-1
-1.9436,-0.24,-0.96
-1.9855,-0.24,-0.92
-1.9879,-0.24,-0.88
-1.9507,-0.24,-0.84
-1.8723,-0.24,-0.8
-1.7472,-0.24,-0.76
-1.5589,-0.24,-0.72
-1.2098,-0.24,-0.68
-1.4716,-0.24,-0.64
-1.6919,-0.24,-0.6
-1.8355,-0.24,-0.56
-1.9289,-0.24,-0.52
-1.9797,-0.24,-0.48
-1.9907,-0.24,-0.44
-1.9623,-0.24,-0.4
-1.8933,-0.24,-0.36
-1.7793,-0.24,-0.32
-1.6077,-0.24,-0.28
-1.3218,-0.24,-0.24
-1.4039,-0.24,-0.2
-1.6517,-0.24,-0.16
-1.8086,-0.24,-0.12
-1.9121,-0.24,-0.08
-1.972,-0.24,-0.04
-1.9917,-0.24,0
-1.972,-0.24,0.04
-1.9121,-0.24,0.08
-1.8086,-0.24,0.12
-1.6517,-0.24,0.16
-1.4039,-0.24,0.2
-1.3218,-0.24,0.24
-1.6077,-0.24,0.28
-1.7793,-0.24,0.32
-1.8933,-0.24,0.36
-1.9623,-0.24,0.4
-1.9907,-0.24,0.44
-1.9797,-0.24,0.48
-1.9289,-0.24,0.52
-1.8355,-0.24,0.56
-1.6919,-0.24,0.6
-1.4716,-0.24,0.64
-1.2098,-0.24,0.68
-1.5589,-0.24,0.72
-1.7472,-0.24,0.76
-1.8723,-0.24,0.8
-1.9507,-0.24,0.84
-1.9879,-0.24,0.88
-1.9855,-0.24,0.92
-1.9436,-0.24,0.96
-1.8658,-0.2,-1
-1.9494,-0.2,-0.96
-1.9913,-0.2,-0.92
-1.9937,-0.2,-0.88
-1.9566,-0.2,-0.84
-1.8782,-0.2,-0.8
-1.7531,-0.2,-0.76
-1.5648,-0.2,-0.72
-1.2157,-0.2,-0.68
-1.4774,-0.2,-0.64
-1.6977,-0.2,-0.6
-1.8413,-0.2,-0.56
-1.9347,-0.2,-0.52
-1.9855,-0.2,-0.48
-1.9965,-0.2,-0.44
-1.9682,-0.2,-0.4
-1.8991,-0.2,-0.36
-1.7851,-0.2,-0.32
-1.6135,-0.2,-0.28
-1.3276,-0.2,-0.24
-1.4098,-0.2,-0.2
-1.6576,-0.2,-0.16
-1.8145,-0.2,-0.12
-1.918,-0.2,-0.08
-1.9778,-0.2,-0.04
-1.9975,-0.2,0
-1.9778,-0.2,0.04
-1.918,-0.2,0.08
-1.8145,-0.2,0.12
-1.6576,-0.2,0.16
-1.4098,-0.2,0.2
-1.3276,-0.2,0.24
-1.6135,-0.2,0.28
-1.7851,-0.2,0.32
-1.8991,-0.2,0.36
-1.9682,-0.2,0.4
-1.9965,-0.2,0.44
-1.9855,-0.2,0.48
-1.9347,-0.2,0.52
-1.8413,-0.2,0.56
-1.6977,-0.2,0.6
-1.4774,-0.2,0.64
-1.2157,-0.2,0.68
-1.5648,-0.2,0.72
-1.7531,-0.2,0.76
-1.8782,-0.2,0.8
-1.9566,-0.2,0.84
-1.9937,-0.2,0.88
-1.9913,-0.2,0.92
-1.9494,-0.2,0.96
-1.8318,-0.16,-1
-1.9155,-0.16,-0.96
-1.9574,-0.16,-0.92
-1.9598,-0.16,-0.88
-1.9226,-0.16,-0.84
-1.8442,-0.16,-0.8
-1.7191,-0.16,-0.76
-1.5308,-0.16,-0.72
-1.1817,-0.16,-0.68
-1.4435,-0.16,-0.64
-1.6637,-0.16,-0.6
-1.8074,-0.16,-0.56
-1.9008,-0.16,-0.52
-1.9516,-0.16,-0.48
-1.9626,-0.16,-0.44
-1.9342,-0.16,-0.4
-1.8652,-0.16,-0.36
-1.7512,-0.16,-0.32
-1.5796,-0.16,-0.28
-1.2937,-0.16,-0.24
-1.3758,-0.16,-0.2
-1.6236,-0.16,-0.16
-1.7805,-0.16,-0.12
-1.884,-0.16,-0.08
-1.9439,-0.16,-0.04
-1.9636,-0.16,0
-1.9439,-0.16,0.04
-1.884,-0.16,0.08
-1.7805,-0.16,0.12
-1.6236,-0.16,0.16
-1.3758,-0.16,0.2
-1.2937,-0.16,0.24
-1.5796,-0.16,0.28
-1.7512,-0.16,0.32
-1.8652,-0.16,0.36
-1.9342,-0.16,0.4
-1.9626,-0.16,0.44
-1.9516,-0.16,0.48
-1.9008,-0.16,0.52
-1.8074,-0.16,0.56
-1.6637,-0.16,0.6
-1.4435,-0.16,0.64
-1.1817,-0.16,0.68
-1.5308,-0.16,0.72
-1.7191,-0.16,0.76
-1.8442,-0.16,0.8
-1.9226,-0.16,0.84
-1.9598,-0.16,0.88
-1.9574,-0.16,0.92
-1.9155,-0.16,0.96
-1.7595,-0.12,-1
-1.8431,-0.12,-0.96
-1.8851,-0.12,-0.92
-1.8874,-0.12,-0.88
-1.8503,-0.12,-0.84
-1.7719,-0.12,-0.8
-1.6468,-0.12,-0.76
-1.4585,-0.12,-0.72
-1.1094,-0.12,-0.68
-1.3711,-0.12,-0.64
-1.5914,-0.12,-0.6
-1.735,-0.12,-0.56
-1.8284,-0.12,-0.52
-1.8793,-0.12,-0.48
-1.8903,-0.12,-0.44
-1.8619,-0.12,-0.4
-1.7928,-0.12,-0.36
-1.6788,-0.12,-0.32
-1.5072,-0.12,-0.28
-1.2213,-0.12,-0.24
-1.3035,-0.12,-0.2
-1.5513,-0.12,-0.16
-1.7082,-0.12,-0.12
-1.8117,-0.12,-0.08
-1.8715,-0.12,-0.04
-1.8912,-0.12,0
-1.8715,-0.12,0.04
-1.8117,-0.12,0.08
-1.7082,-0.12,0.12
-1.5513,-0.12,0.16
-1.3035,-0.12,0.2
-1.2213,-0.12,0.24
-1.5072,-0.12,0.28
-1.6788,-0.12,0.32
-1.7928,-0.12,0.36
-1.8619,-0.12,0.4
-1.8903,-0.12,0.44
-1.8793,-0.12,0.48
-1.8284,-0.12,0.52
-1.735,-0.12,0.56
-1.5914,-0.12,0.6
-1.3711,-0.12,0.64
-1.1094,-0.12,0.68
-1.4585,-0.12,0.72
-1.6468,-0.12,0.76
-1.7719,-0.12,0.8
-1.8503,-0.12,0.84
-1.8874,-0.12,0.88
-1.8851,-0.12,0.92
-1.8431,-0.12,0.96
-1.6516,-0.08,-1
-1.7352,-0.08,-0.96
-1.7772,-0.08,-0.92
-1.7795,-0.08,-0.88
-1.7424,-0.08,-0.84
-1.664,-0.08,-0.8
-1.5389,-0.08,-0.76
-1.3506,-0.08,-0.72
-1.0015,-0.08,-0.68
-1.2632,-0.08,-0.64
-1.4835,-0.08,-0.6
-1.6271,-0.08,-0.56
-1.7205,-0.08,-0.52
-1.7714,-0.08,-0.48
-1.7824,-0.08,-0.44
-1.754,-0.08,-0.4
-1.685,-0.08,-0.36
-1.571,-0.08,-0.32
-1.3993,-0.08,-0.28
-1.1135,-0.08,-0.24
-1.1956,-0.08,-0.2
-1.4434,-0.08,-0.16
-1.6003,-0.08,-0.12
-1.7038,-0.08,-0.08
-1.7637,-0.08,-0.04
-1.7833,-0.08,0
-1.7637,-0.08,0.04
-1.7038,-0.08,0.08
-1.6003,-0.08,0.12
-1.4434,-0.08,0.16
-1.1956,-0.08,0.2
-1.1135,-0.08,0.24
-1.3993,-0.08,0.28
-1.571,-0.08,0.32
-1.685,-0.08,0.36
-1.754,-0.08,0.4
-1.7824,-0.08,0.44
-1.7714,-0.08,0.48
-1.7205,-0.08,0.52
-1.6271,-0.08,0.56
-1.4835,-0.08,0.6
-1.2632,-0.08,0.64
-1.0015,-0.08,0.68
-1.3506,-0.08,0.72
-1.5389,-0.08,0.76
-1.664,-0.08,0.8
-1.7424,-0.08,0.84
-1.7795,-0.08,0.88
-1.7772,-0.08,0.92
-1.7352,-0.08,0.96
-1.5125,-0.04,-1
-1.5961,-0.04,-0.96
-1.6381,-0.04,-0.92
-1.6404,-0.04,-0.88
-1.6033,-0.04,-0.84
-1.5249,-0.04,-0.8
-1.3998,-0.04,-0.76
-1.2115,-0.04,-0.72
-0.86238,-0.04,-0.68
-1.1241,-0.04,-0.64
-1.3444,-0.04,-0.6
-1.488,-0.04,-0.56
-1.5814,-0.04,-0.52
-1.6323,-0.04,-0.48
-1.6433,-0.04,-0.44
-1.6149,-0.04,-0.4
-1.5459,-0.04,-0.36
-1.4318,-0.04,-0.32
-1.2602,-0.04,-0.28
-0.97435,-0.04,-0.24
-1.0565,-0.04,-0.2
-1.3043,-0.04,-0.16
-1.4612,-0.04,-0.12
-1.5647,-0.04,-0.08
-1.6246,-0.04,-0.04
-1.6442,-0.04,0
-1.6246,-0.04,0.04
-1.5647,-0.04,0.08
-1.4612,-0.04,0.12
-1.3043,-0.04,0.16
-1.0565,-0.04,0.2
-0.97435,-0.04,0.24
-1.2602,-0.04,0.28
-1.4318,-0.04,0.32
-1.5459,-0.04,0.36
-1.6149,-0.04,0.4
-1.6433,-0.04,0.44
-1.6323,-0.04,0.48
-1.5814,-0.04,0.52
-1.488,-0.04,0.56
-1.3444,-0.04,0.6
-1.1241,-0.04,0.64
-0.86238,-0.04,0.68
-1.2115,-0.04,0.72
-1.3998,-0.04,0.76
-1.5249,-0.04,0.8
-1.6033,-0.04,0.84
-1.6404,-0.04,0.88
-1.6381,-0.04,0.92
-1.5961,-0.04,0.96
-1.3477,0,-1
-1.4313,0,-0.96
-1.4733,0,-0.92
-1.4756,0,-0.88
-1.4385,0,-0.84
-1.3601,0,-0.8
-1.235,0,-0.76
-1.0467,0,-0.72
-0.69758,0,-0.68
-0.95932,0,-0.64
-1.1796,0,-0.6
-1.3232,0,-0.56
-1.4166,0,-0.52
-1.4675,0,-0.48
-1.4785,0,-0.44
-1.4501,0,-0.4
-1.3811,0,-0.36
-1.2671,0,-0.32
-1.0954,0,-0.28
-0.80956,0,-0.24
-0.8917,0,-0.2
-1.1395,0,-0.16
-1.2964,0,-0.12
-1.3999,0,-0.08
-1.4598,0,-0.04
-1.4794,0,0
-1.4598,0,0.04
-1.3999,0,0.08
-1.2964,0,0.12
-1.1395,0,0.16
-0.8917,0,0.2
-0.80956,0,0.24
-1.0954,0,0.28
-1.2671,0,0.32
-1.3811,0,0.36
-1.4501,0,0.4
-1.4785,0,0.44
-1.4675,0,0.48
-1.4166,0,0.52
-1.3232,0,0.56
-1.1796,0,0.6
-0.95932,0,0.64
-0.69758,0,0.68
-1.0467,0,0.72
-1.235,0,0.76
-1.3601,0,0.8
-1.4385,0,0.84
-1.4756,0,0.88
-1.4733,0,0.92
-1.4313,0,0.96
-1.1638,0.04,-1
-1.2474,0.04,-0.96
-1.2894,0.04,-0.92
-1.2917,0.04,-0.88
-1.2546,0.04,-0.84
-1.1762,0.04,-0.8
-1.0511,0.04,-0.76
-0.86278,0.04,-0.72
-0.51368,0.04,-0.68
-0.77542,0.04,-0.64
-0.99571,0.04,-0.6
-1.1393,0.04,-0.56
-1.2327,0.04,-0.52
-1.2836,0.04,-0.48
-1.2946,0.04,-0.44
-1.2662,0.04,-0.4
-1.1972,0.04,-0.36
-1.0832,0.04,-0.32
-0.91152,0.04,-0.28
-0.62565,0.04,-0.24
-0.70779,0.04,-0.2
-0.95558,0.04,-0.16
-1.1125,0.04,-0.12
-1.216,0.04,-0.08
-1.2759,0.04,-0.04
-1.2955,0.04,0
-1.2759,0.04,0.04
-1.216,0.04,0.08
-1.1125,0.04,0.12
-0.95558,0.04,0.16
-0.70779,0.04,0.2
-0.62565,0.04,0.24
-0.91152,0.04,0.28
-1.0832,0.04,0.32
-1.1972,0.04,0.36
-1.2662,0.04,0.4
-1.2946,0.04,0.44
-1.2836,0.04,0.48
-1.2327,0.04,0.52
-1.1393,0.04,0.56
-0.99571,0.04,0.6
-0.77542,0.04,0.64
-0.51368,0.04,0.68
-0.86278,0.04,0.72
-1.0511,0.04,0.76
-1.1762,0.04,0.8
-1.2546,0.04,0.84
-1.2917,0.04,0.88
-1.2894,0.04,0.92
-1.2474,0.04,0.96
-0.96811,0.08,-1
-1.0517,0.08,-0.96
-1.0937,0.08,-0.92
-1.096,0.08,-0.88
-1.0589,0.08,-0.84
-0.9805,0.08,-0.8
-0.85542,0.08,-0.76
-0.66709,0.08,-0.72
-0.31799,0.08,-0.68
-0.57973,0.08,-0.64
-0.80002,0.08,-0.6
-0.94365,0.08,-0.56
-1.037,0.08,-0.52
-1.0879,0.08,-0.48
-1.0989,0.08,-0.44
-1.0705,0.08,-0.4
-1.0015,0.08,-0.36
-0.88746,0.08,-0.32
-0.71583,0.08,-0.28
-0.42996,0.08,-0.24
-0.5121,0.08,-0.2
-0.7599,0.08,-0.16
-0.91682,0.08,-0.12
-1.0203,0.08,-0.08
-1.0802,0.08,-0.04
-1.0998,0.08,0
-1.0802,0.08,0.04
-1.0203,0.08,0.08
-0.91682,0.08,0.12
-0.7599,0.08,0.16
-0.5121,0.08,0.2
-0.42996,0.08,0.24
-0.71583,0.08,0.28
-0.88746,0.08,0.32
-1.0015,0.08,0.36
-1.0705,0.08,0.4
-1.0989,0.08,0.44
-1.0879,0.08,0.48
-1.037,0.08,0.52
-0.94365,0.08,0.56
-0.80002,0.08,0.6
-0.57973,0.08,0.64
-0.31799,0.08,0.68
-0.66709,0.08,0.72
-0.85542,0.08,0.76
-0.9805,0.08,0.8
-1.0589,0.08,0.84
-1.096,0.08,0.88
-1.0937,0.08,0.92
-1.0517,0.08,0.96
-0.76844,0.12,-1
-0.85206,0.12,-0.96
-0.89401,0.12,-0.92
-0.89637,0.12,-0.88
-0.85924,0.12,-0.84
-0.78083,0.12,-0.8
-0.65575,0.12,-0.76
-0.46742,0.12,-0.72
-0.11832,0.12,-0.68
-0.38007,0.12,-0.64
-0.60035,0.12,-0.6
-0.74399,0.12,-0.56
-0.83737,0.12,-0.52
-0.88822,0.12,-0.48
-0.89922,0.12,-0.44
-0.87085,0.12,-0.4
-0.80181,0.12,-0.36
-0.6878,0.12,-0.32
-0.51616,0.12,-0.28
-0.2303,0.12,-0.24
-0.31244,0.12,-0.2
-0.56023,0.12,-0.16
-0.71715,0.12,-0.12
-0.82063,0.12,-0.08
-0.8805,0.12,-0.04
-0.90017,0.12,0
-0.8805,0.12,0.04
-0.82063,0.12,0.08
-0.71715,0.12,0.12
-0.56023,0.12,0.16
-0.31244,0.12,0.2
-0.2303,0.12,0.24
-0.51616,0.12,0.28
-0.6878,0.12,0.32
-0.80181,0.12,0.36
-0.87085,0.12,0.4
-0.89922,0.12,0.44
-0.88822,0.12,0.48
-0.83737,0.12,0.52
-0.74399,0.12,0.56
-0.60035,0.12,0.6
-0.38007,0.12,0.64
-0.11832,0.12,0.68
-0.46742,0.12,0.72
-0.65575,0.12,0.76
-0.78083,0.12,0.8
-0.85924,0.12,0.84
-0.89637,0.12,0.88
-0.89401,0.12,0.92
-0.85206,0.12,0.96
-0.57276,0.16,-1
-0.65637,0.16,-0.96
-0.69833,0.16,-0.92
-0.70068,0.16,-0.88
-0.66355,0.16,-0.84
-0.58514,0.16,-0.8
-0.46006,0.16,-0.76
-0.27174,0.16,-0.72
0.077362,0.16,-0.68
-0.18438,0.16,-0.64
-0.40467,0.16,-0.6
-0.5483,0.16,-0.56
-0.64168,0.16,-0.52
-0.69253,0.16,-0.48
-0.70353,0.16,-0.44
-0.67516,0.16,-0.4
-0.60612,0.16,-0.36
-0.49211,0.16,-0.32
-0.32048,0.16,-0.28
-0.034611,0.16,-0.24
-0.11675,0.16,-0.2
-0.36454,0.16,-0.16
-0.52146,0.16,-0.12
-0.62494,0.16,-0.08
-0.68481,0.16,-0.04
-0.70448,0.16,0
-0.68481,0.16,0.04
-0.62494,0.16,0.08
-0.52146,0.16,0.12
-0.36454,0.16,0.16
-0.11675,0.16,0.2
-0.034611,0.16,0.24
-0.32048,0.16,0.28
-0.49211,0.16,0.32
-0.60612,0.16,0.36
-0.67516,0.16,0.4
-0.70353,0.16,0.44
-0.69253,0.16,0.48
-0.64168,0.16,0.52
-0.5483,0.16,0.56
-0.40467,0.16,0.6
-0.18438,0.16,0.64
0.077362,0.16,0.68
-0.27174,0.16,0.72
-0.46006,0.16,0.76
-0.58514,0.16,0.8
-0.66355,0.16,0.84
-0.70068,0.16,0.88
-0.69833,0.16,0.92
-0.65637,0.16,0.96
-0.38885,0.2,-1
-0.47247,0.2,-0.96
-0.51442,0.2,-0.92
-0.51678,0.2,-0.88
-0.47964,0.2,-0.84
-0.40124,0.2,-0.8
-0.27616,0.2,-0.76
-0.087833,0.2,-0.72
0.26127,0.2,-0.68
-0.00047335,0.2,-0.64
-0.22076,0.2,-0.6
-0.36439,0.2,-0.56
-0.45778,0.2,-0.52
-0.50862,0.2,-0.48
-0.51963,0.2,-0.44
-0.49126,0.2,-0.4
-0.42221,0.2,-0.36
-0.3082,0.2,-0.32
-0.13657,0.2,-0.28
0.14929,0.2,-0.24
0.067155,0.2,-0.2
-0.18064,0.2,-0.16
-0.33756,0.2,-0.12
-0.44104,0.2,-0.08
-0.50091,0.2,-0.04
-0.52057,0.2,0
-0.50091,0.2,0.04
-0.44104,0.2,0.08
-0.33756,0.2,0.12
-0.18064,0.2,0.16
0.067155,0.2,0.2
0.14929,0.2,0.24
-0.13657,0.2,0.28
-0.3082,0.2,0.32
-0.42221,0.2,0.36
-0.49126,0.2,0.4
-0.51963,0.2,0.44
-0.50862,0.2,0.48
-0.45778,0.2,0.52
-0.36439,0.2,0.56
-0.22076,0.2,0.6
-0.00047335,0.2,0.64
0.26127,0.2,0.68
-0.087833,0.2,0.72
-0.27616,0.2,0.76
-0.40124,0.2,0.8
-0.47964,0.2,0.84
-0.51678,0.2,0.88
-0.51442,0.2,0.92
-0.47247,0.2,0.96
-0.22406,0.24,-1
-0.30768,0.24,-0.96
-0.34963,0.24,-0.92
-0.35199,0.24,-0.88
-0.31485,0.24,-0.84
-0.23644,0.24,-0.8
-0.11137,0.24,-0.76
0.076959,0.24,-0.72
0.42606,0.24,-0.68
0.16432,0.24,-0.64
-0.055969,0.24,-0.6
-0.1996,0.24,-0.56
-0.29298,0.24,-0.52
-0.34383,0.24,-0.48
-0.35483,0.24,-0.44
-0.32646,0.24,-0.4
-0.25742,0.24,-0.36
-0.14341,0.24,-0.32
0.028221,0.24,-0.28
0.31409,0.24,-0.24
0.23195,0.24,-0.2
-0.015845,0.24,-0.16
-0.17277,0.24,-0.12
-0.27625,0.24,-0.08
-0.33612,0.24,-0.04
-0.35578,0.24,0
-0.33612,0.24,0.04
-0.27625,0.24,0.08
-0.17277,0.24,0.12
-0.015845,0.24,0.16
0.23195,0.24,0.2
0.31409,0.24,0.24
0.028221,0.24,0.28
-0.14341,0.24,0.32
-0.25742,0.24,0.36
-0.32646,0.24,0.4
-0.35483,0.24,0.44
-0.34383,0.24,0.48
-0.29298,0.24,0.52
-0.1996,0.24,0.56
-0.055969,0.24,0.6
0.16432,0.24,0.64
0.42606,0.24,0.68
0.076959,0.24,0.72
-0.11137,0.24,0.76
-0.23644,0.24,0.8
-0.31485,0.24,0.84
-0.35199,0.24,0.88
-0.34963,0.24,0.92
-0.30768,0.24,0.96
-0.084949,0.28,-1
-0.16857,0.28,-0.96
-0.21052,0.28,-0.92
-0.21288,0.28,-0.88
-0.17574,0.28,-0.84
-0.097335,0.28,-0.8
0.027743,0.28,-0.76
0.21607,0.28,-0.72
0.56517,0.28,-0.68
0.30343,0.28,-0.64
0.083141,0.28,-0.6
-0.060493,0.28,-0.56
-0.15387,0.28,-0.52
-0.20472,0.28,-0.48
-0.21572,0.28,-0.44
-0.18735,0.28,-0.4
-0.11831,0.28,-0.36
-0.0043035,0.28,-0.32
0.16733,0.28,-0.28
0.4532,0.28,-0.24
0.37106,0.28,-0.2
0.12326,0.28,-0.16
-0.033657,0.28,-0.12
-0.13714,0.28,-0.08
-0.19701,0.28,-0.04
-0.21667,0.28,0
-0.19701,0.28,0.04
-0.13714,0.28,0.08
-0.033657,0.28,0.12
0.12326,0.28,0.16
0.37106,0.28,0.2
0.4532,0.28,0.24
0.16733,0.28,0.28
-0.0043035,0.28,0.32
-0.11831,0.28,0.36
-0.18735,0.28,0.4
-0.21572,0.28,0.44
-0.20472,0.28,0.48
-0.15387,0.28,0.52
-0.060493,0.28,0.56
0.083141,0.28,0.6
0.30343,0.28,0.64
0.56517,0.28,0.68
0.21607,0.28,0.72
0.027743,0.28,0.76
-0.097335,0.28,0.8
-0.17574,0.28,0.84
-0.21288,0.28,0.88
-0.21052,0.28,0.92
-0.16857,0.28,0.96
0.022932,0.32,-1
-0.060687,0.32,-0.96
-0.10264,0.32,-0.92
-0.105,0.32,-0.88
-0.067863,0.32,-0.84
0.010545,0.32,-0.8
0.13562,0.32,-0.76
0.32395,0.32,-0.72
0.67305,0.32,-0.68
0.41131,0.32,-0.64
0.19102,0.32,-0.6
0.047387,0.32,-0.56
-0.045993,0.32,-0.52
-0.096843,0.32,-0.48
-0.10784,0.32,-0.44
-0.079474,0.32,-0.4
-0.010431,0.32,-0.36
0.10358,0.32,-0.32
0.27521,0.32,-0.28
0.56108,0.32,-0.24
0.47894,0.32,-0.2
0.23114,0.32,-0.16
0.074223,0.32,-0.12
-0.029257,0.32,-0.08
-0.089127,0.32,-0.04
-0.10879,0.32,0
-0.089127,0.32,0.04
-0.029257,0.32,0.08
0.074223,0.32,0.12
0.23114,0.32,0.16
0.47894,0.32,0.2
0.56108,0.32,0.24
0.27521,0.32,0.28
0.10358,0.32,0.32
-0.010431,0.32,0.36
-0.079474,0.32,0.4
-0.10784,0.32,0.44
-0.096843,0.32,0.48
-0.045993,0.32,0.52
0.047387,0.32,0.56
0.19102,0.32,0.6
0.41131,0.32,0.64
0.67305,0.32,0.68
0.32395,0.32,0.72
0.13562,0.32,0.76
0.010545,0.32,0.8
-0.067863,0.32,0.84
-0.105,0.32,0.88
-0.10264,0.32,0.92
-0.060687,0.32,0.96
0.095283,0.36,-1
0.011663,0.36,-0.96
-0.030288,0.36,-0.92
-0.032646,0.36,-0.88
0.0044879,0.36,-0.84
0.082896,0.36,-0.8
0.20797,0.36,-0.76
0.3963,0.36,-0.72
0.7454,0.36,-0.68
0.48366,0.36,-0.64
0.26337,0.36,-0.6
0.11974,0.36,-0.56
0.026358,0.36,-0.52
-0.024492,0.36,-0.48
-0.035493,0.36,-0.44
-0.0071232,0.36,-0.4
0.06192,0.36,-0.36
0.17593,0.36,-0.32
0.34756,0.36,-0.28
0.63343,0.36,-0.24
0.55129,0.36,-0.2
0.3035,0.36,-0.16
0.14657,0.36,-0.12
0.043094,0.36,-0.08
-0.016776,0.36,-0.04
-0.036442,0.36,0
-0.016776,0.36,0.04
0.043094,0.36,0.08
0.14657,0.36,0.12
0.3035,0.36,0.16
0.55129,0.36,0.2
0.63343,0.36,0.24
0.34756,0.36,0.28
0.17593,0.36,0.32
0.06192,0.36,0.36
-0.0071232,0.36,0.4
-0.035493,0.36,0.44
-0.024492,0.36,0.48
0.026358,0.36,0.52
0.11974,0.36,0.56
0.26337,0.36,0.6
0.48366,0.36,0.64
0.7454,0.36,0.68
0.3963,0.36,0.72
0.20797,0.36,0.76
0.082896,0.36,0.8
0.0044879,0.36,0.84
-0.032646,0.36,0.88
-0.030288,0.36,0.92
0.011663,0.36,0.96
0.12922,0.4,-1
0.0456,0.4,-0.96
0.003649,0.4,-0.92
0.0012911,0.4,-0.88
0.038425,0.4,-0.84
0.11683,0.4,-0.8
0.24191,0.4,-0.76
0.43024,0.4,-0.72
0.77934,0.4,-0.68
0.5176,0.4,-0.64
0.29731,0.4,-0.6
0.15367,0.4,-0.56
0.060294,0.4,-0.52
0.0094445,0.4,-0.48
-0.0015564,0.4,-0.44
0.026814,0.4,-0.4
0.095856,0.4,-0.36
0.20986,0.4,-0.32
0.3815,0.4,-0.28
0.66736,0.4,-0.24
0.58522,0.4,-0.2
0.33743,0.4,-0.16
0.18051,0.4,-0.12
0.07703,0.4,-0.08
0.017161,0.4,-0.04
-0.002505,0.4,0
0.017161,0.4,0.04
0.07703,0.4,0.08
0.18051,0.4,0.12
0.33743,0.4,0.16
0.58522,0.4,0.2
0.66736,0.4,0.24
0.3815,0.4,0.28
0.20986,0.4,0.32
0.095856,0.4,0.36
0.026814,0.4,0.4
-0.0015564,0.4,0.44
0.0094445,0.4,0.48
0.060294,0.4,0.52
0.15367,0.4,0.56
0.29731,0.4,0.6
0.5176,0.4,0.64
0.77934,0.4,0.68
0.43024,0.4,0.72
0.24191,0.4,0.76
0.11683,0.4,0.8
0.038425,0.4,0.84
0.0012911,0.4,0.88
0.003649,0.4,0.92
0.0456,0.4,0.96
0.12339,0.44,-1
0.03977,0.44,-0.96
-0.0021811,0.44,-0.92
-0.0045391,0.44,-0.88
0.032594,0.44,-0.84
0.111,0.44,-0.8
0.23608,0.44,-0.76
0.42441,0.44,-0.72
0.77351,0.44,-0.68
0.51177,0.44,-0.64
0.29148,0.44,-0.6
0.14784,0.44,-0.56
0.054464,0.44,-0.52
0.0036143,0.44,-0.48
-0.0073866,0.44,-0.44
0.020983,0.44,-0.4
0.090026,0.44,-0.36
0.20403,0.44,-0.32
0.37567,0.44,-0.28
0.66153,0.44,-0.24
0.57939,0.44,-0.2
0.3316,0.44,-0.16
0.17468,0.44,-0.12
0.0712,0.44,-0.08
0.01133,0.44,-0.04
-0.0083352,0.44,0
0.01133,0.44,0.04
0.0712,0.44,0.08
0.17468,0.44,0.12
0.3316,0.44,0.16
0.57939,0.44,0.2
0.66153,0.44,0.24
0.37567,0.44,0.28
0.20403,0.44,0.32
0.090026,0.44,0.36
0.020983,0.44,0.4
-0.0073866,0.44,0.44
0.0036143,0.44,0.48
0.054464,0.44,0.52
0.14784,0.44,0.56
0.29148,0.44,0.6
0.51177,0.44,0.64
0.77351,0.44,0.68
0.42441,0.44,0.72
0.23608,0.44,0.76
0.111,0.44,0.8
0.032594,0.44,0.84
-0.0045391,0.44,0.88
-0.0021811,0.44,0.92
0.03977,0.44,0.96
0.078025,0.48,-1
-0.0055948,0.48,-0.96
-0.047546,0.48,-0.92
-0.049904,0.48,-0.88
-0.01277,0.48,-0.84
0.065638,0.48,-0.8
0.19072,0.48,-0.76
0.37904,0.48,-0.72
0.72814,0.48,-0.68
0.4664,0.48,-0.64
0.24611,0.48,-0.6
0.10248,0.48,-0.56
0.0090995,0.48,-0.52
-0.04175,0.48,-0.48
-0.052751,0.48,-0.44
-0.024381,0.48,-0.4
0.044662,0.48,-0.36
0.15867,0.48,-0.32
0.3303,0.48,-0.28
0.61617,0.48,-0.24
0.53403,0.48,-0.2
0.28624,0.48,-0.16
0.12932,0.48,-0.12
0.025835,0.48,-0.08
-0.034034,0.48,-0.04
-0.0537,0.48,0
-0.034034,0.48,0.04
0.025835,0.48,0.08
0.12932,0.48,0.12
0.28624,0.48,0.16
0.53403,0.48,0.2
0.61617,0.48,0.24
0.3303,0.48,0.28
0.15867,0.48,0.32
0.044662,0.48,0.36
-0.024381,0.48,0.4
-0.052751,0.48,0.44
-0.04175,0.48,0.48
0.0090995,0.48,0.52
0.10248,0.48,0.56
0.24611,0.48,0.6
0.4664,0.48,0.64
0.72814,0.48,0.68
0.37904,0.48,0.72
0.19072,0.48,0.76
0.065638,0.48,0.8
-0.01277,0.48,0.84
-0.049904,0.48,0.88
-0.047546,0.48,0.92
-0.0055948,0.48,0.96
-0.0050661,0.52,-1
-0.088685,0.52,-0.96
-0.13064,0.52,-0.92
-0.13299,0.52,-0.88
-0.095861,0.52,-0.84
-0.017453,0.52,-0.8
0.10763,0.52,-0.76
0.29595,0.52,-0.72
0.64505,0.52,-0.68
0.38331,0.52,-0.64
0.16302,0.52,-0.6
0.019389,0.52,-0.56
-0.073991,0.52,-0.52
-0.12484,0.52,-0.48
-0.13584,0.52,-0.44
-0.10747,0.52,-0.4
-0.038429,0.52,-0.36
0.075579,0.52,-0.32
0.24721,0.52,-0.28
0.53308,0.52,-0.24
0.45094,0.52,-0.2
0.20315,0.52,-0.16
0.046225,0.52,-0.12
-0.057255,0.52,-0.08
-0.11712,0.52,-0.04
-0.13679,0.52,0
-0.11712,0.52,0.04
-0.057255,0.52,0.08
0.046225,0.52,0.12
0.20315,0.52,0.16
0.45094,0.52,0.2
0.53308,0.52,0.24
0.24721,0.52,0.28
0.075579,0.52,0.32
-0.038429,0.52,0.36
-0.10747,0.52,0.4
-0.13584,0.52,0.44
-0.12484,0.52,0.48
-0.073991,0.52,0.52
0.019389,0.52,0.56
0.16302,0.52,0.6
0.38331,0.52,0.64
0.64505,0.52,0.68
0.29595,0.52,0.72
0.10763,0.52,0.76
-0.017453,0.52,0.8
-0.095861,0.52,0.84
-0.13299,0.52,0.88
-0.13064,0.52,0.92
-0.088685,0.52,0.96
-0.12257,0.56,-1
-0.20619,0.56,-0.96
-0.24814,0.56,-0.92
-0.2505,0.56,-0.88
-0.21337,0.56,-0.84
-0.13496,0.56,-0.8
-0.0098791,0.56,-0.76
0.17845,0.56,-0.72
0.52755,0.56,-0.68
0.26581,0.56,-0.64
0.045519,0.56,-0.6
-0.098115,0.56,-0.56
-0.1915,0.56,-0.52
-0.24235,0.56,-0.48
-0.25335,0.56,-0.44
-0.22498,0.56,-0.4
-0.15593,0.56,-0.36
-0.041925,0.56,-0.32
0.12971,0.56,-0.28
0.41557,0.56,-0.24
0.33343,0.56,-0.2
0.085643,0.56,-0.16
-0.071279,0.56,-0.12
-0.17476,0.56,-0.08
-0.23463,0.56,-0.04
-0.25429,0.56,0
-0.23463,0.56,0.04
-0.17476,0.56,0.08
-0.071279,0.56,0.12
0.085643,0.56,0.16
0.33343,0.56,0.2
0.41557,0.56,0.24
0.12971,0.56,0.28
-0.041925,0.56,0.32
-0.15593,0.56,0.36
-0.22498,0.56,0.4
-0.25335,0.56,0.44
-0.24235,0.56,0.48
-0.1915,0.56,0.52
-0.098115,0.56,0.56
0.045519,0.56,0.6
0.26581,0.56,0.64
0.52755,0.56,0.68
0.17845,0.56,0.72
-0.0098791,0.56,0.76
-0.13496,0.56,0.8
-0.21337,0.56,0.84
-0.2505,0.56,0.88
-0.24814,0.56,0.92
-0.20619,0.56,0.96
-0.2698,0.6,-1
-0.35342,0.6,-0.96
-0.39537,0.6,-0.92
-0.39773,0.6,-0.88
-0.3606,0.6,-0.84
-0.28219,0.6,-0.8
-0.15711,0.6,-0.76
0.031214,0.6,-0.72
0.38031,0.6,-0.68
0.11857,0.6,-0.64
-0.10171,0.6,-0.6
-0.24535,0.6,-0.56
-0.33873,0.6,-0.52
-0.38958,0.6,-0.48
-0.40058,0.6,-0.44
-0.37221,0.6,-0.4
-0.30317,0.6,-0.36
-0.18916,0.6,-0.32
-0.017524,0.6,-0.28
0.26834,0.6,-0.24
0.1862,0.6,-0.2
-0.06159,0.6,-0.16
-0.21851,0.6,-0.12
-0.32199,0.6,-0.08
-0.38186,0.6,-0.04
-0.40153,0.6,0
-0.38186,0.6,0.04
-0.32199,0.6,0.08
-0.21851,0.6,0.12
-0.06159,0.6,0.16
0.1862,0.6,0.2
0.26834,0.6,0.24
-0.017524,0.6,0.28
-0.18916,0.6,0.32
-0.30317,0.6,0.36
-0.37221,0.6,0.4
-0.40058,0.6,0.44
-0.38958,0.6,0.48
-0.33873,0.6,0.52
-0.24535,0.6,0.56
-0.10171,0.6,0.6
0.11857,0.6,0.64
0.38031,0.6,0.68
0.031214,0.6,0.72
-0.15711,0.6,0.76
-0.28219,0.6,0.8
-0.3606,0.6,0.84
-0.39773,0.6,0.88
-0.39537,0.6,0.92
-0.35342,0.6,0.96
-0.4409,0.64,-1
-0.52451,0.64,-0.96
-0.56647,0.64,-0.92
-0.56882,0.64,-0.88
-0.53169,0.64,-0.84
-0.45328,0.64,-0.8
-0.3282,0.64,-0.76
-0.13988,0.64,-0.72
0.20922,0.64,-0.68
-0.052519,0.64,-0.64
-0.27281,0.64,-0.6
-0.41644,0.64,-0.56
-0.50982,0.64,-0.52
-0.56067,0.64,-0.48
-0.57167,0.64,-0.44
-0.5433,0.64,-0.4
-0.47426,0.64,-0.36
-0.36025,0.64,-0.32
-0.18862,0.64,-0.28
0.097248,0.64,-0.24
0.015109,0.64,-0.2
-0.23268,0.64,-0.16
-0.3896,0.64,-0.12
-0.49308,0.64,-0.08
-0.55295,0.64,-0.04
-0.57262,0.64,0
-0.55295,0.64,0.04
-0.49308,0.64,0.08
-0.3896,0.64,0.12
-0.23268,0.64,0.16
0.015109,0.64,0.2
0.097248,0.64,0.24
-0.18862,0.64,0.28
-0.36025,0.64,0.32
-0.47426,0.64,0.36
-0.5433,0.64,0.4
-0.57167,0.64,0.44
-0.56067,0.64,0.48
-0.50982,0.64,0.52
-0.41644,0.64,0.56
-0.27281,0.64,0.6
-0.052519,0.64,0.64
0.20922,0.64,0.68
-0.13988,0.64,0.72
-0.3282,0.64,0.76
-0.45328,0.64,0.8
-0.53169,0.64,0.84
-0.56882,0.64,0.88
-0.56647,0.64,0.92
-0.52451,0.64,0.96
-0.62903,0.68,-1
-0.71265,0.68,-0.96
-0.7546,0.68,-0.92
-0.75695,0.68,-0.88
-0.71982,0.68,-0.84
-0.64141,0.68,-0.8
-0.51634,0.68,-0.76
-0.32801,0.68,-0.72
0.021091,0.68,-0.68
-0.24065,0.68,-0.64
-0.46094,0.68,-0.6
-0.60457,0.68,-0.56
-0.69795,0.68,-0.52
-0.7488,0.68,-0.48
-0.7598,0.68,-0.44
-0.73143,0.68,-0.4
-0.66239,0.68,-0.36
-0.54838,0.68,-0.32
-0.37675,0.68,-0.28
-0.090882,0.68,-0.24
-0.17302,0.68,-0.2
-0.42081,0.68,-0.16
-0.57773,0.68,-0.12
-0.68122,0.68,-0.08
-0.74109,0.68,-0.04
-0.76075,0.68,0
-0.74109,0.68,0.04
-0.68122,0.68,0.08
-0.57773,0.68,0.12
-0.42081,0.68,0.16
-0.17302,0.68,0.2
-0.090882,0.68,0.24
-0.37675,0.68,0.28
-0.54838,0.68,0.32
-0.66239,0.68,0.36
-0.73143,0.68,0.4
-0.7598,0.68,0.44
-0.7488,0.68,0.48
-0.69795,0.68,0.52
-0.60457,0.68,0.56
-0.46094,0.68,0.6
-0.24065,0.68,0.64
0.021091,0.68,0.68
-0.32801,0.68,0.72
-0.51634,0.68,0.76
-0.64141,0.68,0.8
-0.71982,0.68,0.84
-0.75695,0.68,0.88
-0.7546,0.68,0.92
-0.71265,0.68,0.96
-0.82669,0.72,-1
-0.91031,0.72,-0.96
-0.95227,0.72,-0.92
-0.95462,0.72,-0.88
-0.91749,0.72,-0.84
-0.83908,0.72,-0.8
-0.714,0.72,-0.76
-0.52568,0.72,-0.72
-0.17658,0.72,-0.68
-0.43832,0.72,-0.64
-0.65861,0.72,-0.6
-0.80224,0.72,-0.56
-0.89562,0.72,-0.52
-0.94647,0.72,-0.48
-0.95747,0.72,-0.44
-0.9291,0.72,-0.4
-0.86006,0.72,-0.36
-0.74605,0.72,-0.32
-0.57442,0.72,-0.28
-0.28855,0.72,-0.24
-0.37069,0.72,-0.2
-0.61848,0.72,-0.16
-0.7754,0.72,-0.12
-0.87888,0.72,-0.08
-0.93875,0.72,-0.04
-0.95842,0.72,0
-0.93875,0.72,0.04
-0.87888,0.72,0.08
-0.7754,0.72,0.12
-0.61848,0.72,0.16
-0.37069,0.72,0.2
-0.28855,0.72,0.24
-0.57442,0.72,0.28
-0.74605,0.72,0.32
-0.86006,0.72,0.36
-0.9291,0.72,0.4
-0.95747,0.72,0.44
-0.94647,0.72,0.48
-0.89562,0.72,0.52
-0.80224,0.72,0.56
-0.65861,0.72,0.6
-0.43832,0.72,0.64
-0.17658,0.72,0.68
-0.52568,0.72,0.72
-0.714,0.72,0.76
-0.83908,0.72,0.8
-0.91749,0.72,0.84
-0.95462,0.72,0.88
-0.95227,0.72,0.92
-0.91031,0.72,0.96
-1.026,0.76,-1
-1.1096,0.76,-0.96
-1.1516,0.76,-0.92
-1.1539,0.76,-0.88
-1.1168,0.76,-0.84
-1.0384,0.76,-0.8
-0.91333,0.76,-0.76
-0.725,0.76,-0.72
-0.3759,0.76,-0.68
-0.63764,0.76,-0.64
-0.85793,0.76,-0.6
-1.0016,0.76,-0.56
-1.0949,0.76,-0.52
-1.1458,0.76,-0.48
-1.1568,0.76,-0.44
-1.1284,0.76,-0.4
-1.0594,0.76,-0.36
-0.94538,0.76,-0.32
-0.77374,0.76,-0.28
-0.48788,0.76,-0.24
-0.57002,0.76,-0.2
-0.81781,0.76,-0.16
-0.97473,0.76,-0.12
-1.0782,0.76,-0.08
-1.1381,0.76,-0.04
-1.1577,0.76,0
-1.1381,0.76,0.04
-1.0782,0.76,0.08
-0.97473,0.76,0.12
-0.81781,0.76,0.16
-0.57002,0.76,0.2
-0.48788,0.76,0.24
-0.77374,0.76,0.28
-0.94538,0.76,0.32
-1.0594,0.76,0.36
-1.1284,0.76,0.4
-1.1568,0.76,0.44
-1.1458,0.76,0.48
-1.0949,0.76,0.52
-1.0016,0.76,0.56
-0.85793,0.76,0.6
-0.63764,0.76,0.64
-0.3759,0.76,0.68
-0.725,0.76,0.72
-0.91333,0.76,0.76
-1.0384,0.76,0.8
-1.1168,0.76,0.84
-1.1539,0.76,0.88
-1.1516,0.76,0.92
-1.1096,0.76,0.96
-1.2191,0.8,-1
-1.3027,0.8,-0.96
-1.3446,0.8,-0.92
-1.347,0.8,-0.88
-1.3099,0.8,-0.84
-1.2314,0.8,-0.8
-1.1064,0.8,-0.76
-0.91804,0.8,-0.72
-0.56894,0.8,-0.68
-0.83068,0.8,-0.64
-1.051,0.8,-0.6
-1.1946,0.8,-0.56
-1.288,0.8,-0.52
-1.3388,0.8,-0.48
-1.3498,0.8,-0.44
-1.3215,0.8,-0.4
-1.2524,0.8,-0.36
-1.1384,0.8,-0.32
-0.96678,0.8,-0.28
-0.68091,0.8,-0.24
-0.76305,0.8,-0.2
-1.0108,0.8,-0.16
-1.1678,0.8,-0.12
-1.2712,0.8,-0.08
-1.3311,0.8,-0.04
-1.3508,0.8,0
-1.3311,0.8,0.04
-1.2712,0.8,0.08
-1.1678,0.8,0.12
-1.0108,0.8,0.16
-0.76305,0.8,0.2
-0.68091,0.8,0.24
-0.96678,0.8,0.28
-1.1384,0.8,0.32
-1.2524,0.8,0.36
-1.3215,0.8,0.4
-1.3498,0.8,0.44
-1.3388,0.8,0.48
-1.288,0.8,0.52
-1.1946,0.8,0.56
-1.051,0.8,0.6
-0.83068,0.8,0.64
-0.56894,0.8,0.68
-0.91804,0.8,0.72
-1.1064,0.8,0.76
-1.2314,0.8,0.8
-1.3099,0.8,0.84
-1.347,0.8,0.88
-1.3446,0.8,0.92
-1.3027,0.8,0.96
-1.3981,0.84,-1
-1.4817,0.84,-0.96
-1.5237,0.84,-0.92
-1.526,0.84,-0.88
-1.4889,0.84,-0.84
-1.4105,0.84,-0.8
-1.2854,0.84,-0.76
-1.0971,0.84,-0.72
-0.74799,0.84,-0.68
-1.0097,0.84,-0.64
-1.23,0.84,-0.6
-1.3737,0.84,-0.56
-1.467,0.84,-0.52
-1.5179,0.84,-0.48
-1.5289,0.84,-0.44
-1.5005,0.84,-0.4
-1.4315,0.84,-0.36
-1.3175,0.84,-0.32
-1.1458,0.84,-0.28
-0.85997,0.84,-0.24
-0.94211,0.84,-0.2
-1.1899,0.84,-0.16
-1.3468,0.84,-0.12
-1.4503,0.84,-0.08
-1.5102,0.84,-0.04
-1.5298,0.84,0
-1.5102,0.84,0.04
-1.4503,0.84,0.08
-1.3468,0.84,0.12
-1.1899,0.84,0.16
-0.94211,0.84,0.2
-0.85997,0.84,0.24
-1.1458,0.84,0.28
-1.3175,0.84,0.32
-1.4315,0.84,0.36
-1.5005,0.84,0.4
-1.5289,0.84,0.44
-1.5179,0.84,0.48
-1.467,0.84,0.52
-1.3737,0.84,0.56
-1.23,0.84,0.6
-1.0097,0.84,0.64
-0.74799,0.84,0.68
-1.0971,0.84,0.72
-1.2854,0.84,0.76
-1.4105,0.84,0.8
-1.4889,0.84,0.84
-1.526,0.84,0.88
-1.5237,0.84,0.92
-1.4817,0.84,0.96
-1.556,0.88,-1
-1.6397,0.88,-0.96
-1.6816,0.88,-0.92
-1.684,0.88,-0.88
-1.6468,0.88,-0.84
-1.5684,0.88,-0.8
-1.4434,0.88,-0.76
-1.255,0.88,-0.72
-0.90592,0.88,-0.68
-1.1677,0.88,-0.64
-1.388,0.88,-0.6
-1.5316,0.88,-0.56
-1.625,0.88,-0.52
-1.6758,0.88,-0.48
-1.6868,0.88,-0.44
-1.6584,0.88,-0.4
-1.5894,0.88,-0.36
-1.4754,0.88,-0.32
-1.3038,0.88,-0.28
-1.0179,0.88,-0.24
-1.1,0.88,-0.2
-1.3478,0.88,-0.16
-1.5048,0.88,-0.12
-1.6082,0.88,-0.08
-1.6681,0.88,-0.04
-1.6878,0.88,0
-1.6681,0.88,0.04
-1.6082,0.88,0.08
-1.5048,0.88,0.12
-1.3478,0.88,0.16
-1.1,0.88,0.2
-1.0179,0.88,0.24
-1.3038,0.88,0.28
-1.4754,0.88,0.32
-1.5894,0.88,0.36
-1.6584,0.88,0.4
-1.6868,0.88,0.44
-1.6758,0.88,0.48
-1.625,0.88,0.52
-1.5316,0.88,0.56
-1.388,0.88,0.6
-1.1677,0.88,0.64
-0.90592,0.88,0.68
-1.255,0.88,0.72
-1.4434,0.88,0.76
-1.5684,0.88,0.8
-1.6468,0.88,0.84
-1.684,0.88,0.88
-1.6816,0.88,0.92
-1.6397,0.88,0.96
-1.6866,0.92,-1
-1.7702,0.92,-0.96
-1.8121,0.92,-0.92
-1.8145,0.92,-0.88
-1.7773,0.92,-0.84
-1.6989,0.92,-0.8
-1.5739,0.92,-0.76
-1.3855,0.92,-0.72
-1.0364,0.92,-0.68
-1.2982,0.92,-0.64
-1.5185,0.92,-0.6
-1.6621,0.92,-0.56
-1.7555,0.92,-0.52
-1.8063,0.92,-0.48
-1.8173,0.92,-0.44
-1.789,0.92,-0.4
-1.7199,0.92,-0.36
-1.6059,0.92,-0.32
-1.4343,0.92,-0.28
-1.1484,0.92,-0.24
-1.2305,0.92,-0.2
-1.4783,0.92,-0.16
-1.6353,0.92,-0.12
-1.7387,0.92,-0.08
-1.7986,0.92,-0.04
-1.8183,0.92,0
-1.7986,0.92,0.04
-1.7387,0.92,0.08
-1.6353,0.92,0.12
-1.4783,0.92,0.16
-1.2305,0.92,0.2
-1.1484,0.92,0.24
-1.4343,0.92,0.28
-1.6059,0.92,0.32
-1.7199,0.92,0.36
-1.789,0.92,0.4
-1.8173,0.92,0.44
-1.8063,0.92,0.48
-1.7555,0.92,0.52
-1.6621,0.92,0.56
-1.5185,0.92,0.6
-1.2982,0.92,0.64
-1.0364,0.92,0.68
-1.3855,0.92,0.72
-1.5739,0.92,0.76
-1.6989,0.92,0.8
-1.7773,0.92,0.84
-1.8145,0.92,0.88
-1.8121,0.92,0.92
-1.7702,0.92,0.96
-1.7844,0.96,-1
-1.8681,0.96,-0.96
-1.91,0.96,-0.92
-1.9124,0.96,-0.88
-1.8752,0.96,-0.84
-1.7968,0.96,-0.8
-1.6718,0.96,-0.76
-1.4834,0.96,-0.72
-1.1343,0.96,-0.68
-1.3961,0.96,-0.64
-1.6164,0.96,-0.6
-1.76,0.96,-0.56
-1.8534,0.96,-0.52
-1.9042,0.96,-0.48
-1.9152,0.96,-0.44
-1.8868,0.96,-0.4
-1.8178,0.96,-0.36
-1.7038,0.96,-0.32
-1.5322,0.96,-0.28
-1.2463,0.96,-0.24
-1.3284,0.96,-0.2
-1.5762,0.96,-0.16
-1.7331,0.96,-0.12
-1.8366,0.96,-0.08
-1.8965,0.96,-0.04
-1.9162,0.96,0
-1.8965,0.96,0.04
-1.8366,0.96,0.08
-1.7331,0.96,0.12
-1.5762,0.96,0.16
-1.3284,0.96,0.2
-1.2463,0.96,0.24
-1.5322,0.96,0.28
-1.7038,0.96,0.32
-1.8178,0.96,0.36
-1.8868,0.96,0.4
-1.9152,0.96,0.44
-1.9042,0.96,0.48
-1.8534,0.96,0.52
-1.76,0.96,0.56
-1.6164,0.96,0.6
-1.3961,0.96,0.64
-1.1343,0.96,0.68
-1.4834,0.96,0.72
-1.6718,0.96,0.76
-1.7968,0.96,0.8
-1.8752,0.96,0.84
-1.9124,0.96,0.88
-1.91,0.96,0.92
-1.8681,0.96,0.96
